0.000000000000000000e+00 9.211208400985857470e-01 2.999999999999999889e-01
5.050505050505050414e-02 7.957147637311445809e-01 2.999999999999999889e-01
1.010101010101010083e-01 1.603280193965997524e+00 2.999999999999999889e-01
1.515151515151515194e-01 9.539012070336947424e-01 2.999999999999999889e-01
2.020202020202020166e-01 1.170233033847168480e+00 2.999999999999999889e-01
2.525252525252525415e-01 1.520915535545995123e+00 2.999999999999999889e-01
3.030303030303030387e-01 2.089552581559489752e+00 2.999999999999999889e-01
3.535353535353535359e-01 1.307527751464248933e+00 2.999999999999999889e-01
4.040404040404040331e-01 1.458637468180198127e+00 2.999999999999999889e-01
4.545454545454545303e-01 1.245755118474032308e+00 2.999999999999999889e-01
5.050505050505050830e-01 2.395303088064456354e+00 2.999999999999999889e-01
5.555555555555555802e-01 1.869111887964976626e+00 2.999999999999999889e-01
6.060606060606060774e-01 2.232899160201063271e+00 2.999999999999999889e-01
6.565656565656565746e-01 2.147819381895220925e+00 2.999999999999999889e-01
7.070707070707070718e-01 2.408589946596196629e+00 2.999999999999999889e-01
7.575757575757575690e-01 2.583232618689431437e+00 2.999999999999999889e-01
8.080808080808080662e-01 2.102026679604034332e+00 2.999999999999999889e-01
8.585858585858585634e-01 2.544276246853269363e+00 2.999999999999999889e-01
9.090909090909090606e-01 2.535859181702384113e+00 2.999999999999999889e-01
9.595959595959595578e-01 2.568414010241961698e+00 2.999999999999999889e-01
1.010101010101010166e+00 2.942696960105794179e+00 2.999999999999999889e-01
1.060606060606060552e+00 2.618373800524444128e+00 2.999999999999999889e-01
1.111111111111111160e+00 3.255802069066163096e+00 2.999999999999999889e-01
1.161616161616161547e+00 3.122322436859426453e+00 2.999999999999999889e-01
1.212121212121212155e+00 3.607053951583024443e+00 2.999999999999999889e-01
1.262626262626262541e+00 3.220156895779191508e+00 2.999999999999999889e-01
1.313131313131313149e+00 3.376344605767644502e+00 2.999999999999999889e-01
1.363636363636363535e+00 4.240175538376413478e+00 2.999999999999999889e-01
1.414141414141414144e+00 3.575645171154778090e+00 2.999999999999999889e-01
1.464646464646464530e+00 4.275230740617829817e+00 2.999999999999999889e-01
1.515151515151515138e+00 4.569816329753171757e+00 2.999999999999999889e-01
1.565656565656565524e+00 4.726444465775955450e+00 2.999999999999999889e-01
1.616161616161616132e+00 3.996209569657477534e+00 2.999999999999999889e-01
1.666666666666666741e+00 4.471020267494299816e+00 2.999999999999999889e-01
1.717171717171717127e+00 4.552836247596367514e+00 2.999999999999999889e-01
1.767676767676767735e+00 5.013622466653047560e+00 2.999999999999999889e-01
1.818181818181818121e+00 4.820960433038131931e+00 2.999999999999999889e-01
1.868686868686868729e+00 5.053435058597469443e+00 2.999999999999999889e-01
1.919191919191919116e+00 5.422057404298582739e+00 2.999999999999999889e-01
1.969696969696969724e+00 5.252399967035983330e+00 2.999999999999999889e-01
2.020202020202020332e+00 4.723222424447488521e+00 2.999999999999999889e-01
2.070707070707070496e+00 5.607804385856447027e+00 2.999999999999999889e-01
2.121212121212121104e+00 5.018662934158277800e+00 2.999999999999999889e-01
2.171717171717171713e+00 4.921723708346076087e+00 2.999999999999999889e-01
2.222222222222222321e+00 5.122842984001191091e+00 2.999999999999999889e-01
2.272727272727272485e+00 5.545568223911417682e+00 2.999999999999999889e-01
2.323232323232323093e+00 4.740725480936226255e+00 2.999999999999999889e-01
2.373737373737373701e+00 5.890259063184290156e+00 2.999999999999999889e-01
2.424242424242424310e+00 5.455110043190659397e+00 2.999999999999999889e-01
2.474747474747474918e+00 5.144380022200614633e+00 2.999999999999999889e-01
2.525252525252525082e+00 5.256132517472799748e+00 2.999999999999999889e-01
2.575757575757575690e+00 5.840015888867913674e+00 2.999999999999999889e-01
2.626262626262626299e+00 5.589207225372883059e+00 2.999999999999999889e-01
2.676767676767676907e+00 5.855234552504521517e+00 2.999999999999999889e-01
2.727272727272727071e+00 5.407517121649974001e+00 2.999999999999999889e-01
2.777777777777777679e+00 6.098232498135417678e+00 2.999999999999999889e-01
2.828282828282828287e+00 5.043835466447657900e+00 2.999999999999999889e-01
2.878787878787878896e+00 6.029880043642371845e+00 2.999999999999999889e-01
2.929292929292929060e+00 5.698640170856553056e+00 2.999999999999999889e-01
2.979797979797979668e+00 5.716917640295867464e+00 2.999999999999999889e-01
3.030303030303030276e+00 5.140425017783266881e+00 2.999999999999999889e-01
3.080808080808080884e+00 5.389858810079070750e+00 2.999999999999999889e-01
3.131313131313131048e+00 5.721814830460739465e+00 2.999999999999999889e-01
3.181818181818181657e+00 5.341838702039624742e+00 2.999999999999999889e-01
3.232323232323232265e+00 5.187852845809876712e+00 2.999999999999999889e-01
3.282828282828282873e+00 5.308815741926621534e+00 2.999999999999999889e-01
3.333333333333333481e+00 4.545468708923999124e+00 2.999999999999999889e-01
3.383838383838383645e+00 5.415038592209269197e+00 2.999999999999999889e-01
3.434343434343434254e+00 4.851770053530819915e+00 2.999999999999999889e-01
3.484848484848484862e+00 4.527475352134739950e+00 2.999999999999999889e-01
3.535353535353535470e+00 5.153322181799408597e+00 2.999999999999999889e-01
3.585858585858585634e+00 4.514473802143236902e+00 2.999999999999999889e-01
3.636363636363636243e+00 4.915497876890492002e+00 2.999999999999999889e-01
3.686868686868686851e+00 4.693782074341609878e+00 2.999999999999999889e-01
3.737373737373737459e+00 4.485485215502809098e+00 2.999999999999999889e-01
3.787878787878787623e+00 4.666933546279610212e+00 2.999999999999999889e-01
3.838383838383838231e+00 4.698664759487870768e+00 2.999999999999999889e-01
3.888888888888888840e+00 4.511163666624067758e+00 2.999999999999999889e-01
3.939393939393939448e+00 4.443572137778717845e+00 2.999999999999999889e-01
3.989898989898989612e+00 3.931172484690826252e+00 2.999999999999999889e-01
4.040404040404040664e+00 4.233980651191438405e+00 2.999999999999999889e-01
4.090909090909090828e+00 3.946854659659259301e+00 2.999999999999999889e-01
4.141414141414140992e+00 4.559853179208787743e+00 2.999999999999999889e-01
4.191919191919192045e+00 3.917699812396548964e+00 2.999999999999999889e-01
4.242424242424242209e+00 4.431981739323838987e+00 2.999999999999999889e-01
4.292929292929293261e+00 4.249448681528056326e+00 2.999999999999999889e-01
4.343434343434343425e+00 4.367334196535658464e+00 2.999999999999999889e-01
4.393939393939393590e+00 4.228463120010983900e+00 2.999999999999999889e-01
4.444444444444444642e+00 4.172422695293956707e+00 2.999999999999999889e-01
4.494949494949494806e+00 4.658137438053148394e+00 2.999999999999999889e-01
4.545454545454544970e+00 4.129796432988103838e+00 2.999999999999999889e-01
4.595959595959596022e+00 4.161547816342970663e+00 2.999999999999999889e-01
4.646464646464646187e+00 4.183927304091340282e+00 2.999999999999999889e-01
4.696969696969697239e+00 4.268872180318636467e+00 2.999999999999999889e-01
4.747474747474747403e+00 4.252269307773402396e+00 2.999999999999999889e-01
4.797979797979797567e+00 3.809688611326043528e+00 2.999999999999999889e-01
4.848484848484848619e+00 4.390769363097916766e+00 2.999999999999999889e-01
4.898989898989898784e+00 4.062840681282917643e+00 2.999999999999999889e-01
4.949494949494949836e+00 4.773680389284231218e+00 2.999999999999999889e-01
5.000000000000000000e+00 4.712789683006959329e+00 2.999999999999999889e-01
