0.000000000000000000e+00 5.114626081479930475e-01 1.000000000000000000e+00
5.050505050505050414e-02 9.070691926923002413e-03 1.000000000000000000e+00
1.010101010101010083e-01 1.716947047789281422e+00 1.000000000000000000e+00
1.515151515151515194e-01 2.552749784760163898e+00 1.000000000000000000e+00
2.020202020202020166e-01 1.329485502414743614e+00 1.000000000000000000e+00
2.525252525252525415e-01 -9.757787913283970660e-01 1.000000000000000000e+00
3.030303030303030387e-01 1.369158974729666634e+00 1.000000000000000000e+00
3.535353535353535359e-01 1.863030144063978932e+00 1.000000000000000000e+00
4.040404040404040331e-01 1.700917966969729633e+00 1.000000000000000000e+00
4.545454545454545303e-01 1.726996322300883291e+00 1.000000000000000000e+00
5.050505050505050830e-01 2.741477354793979693e+00 1.000000000000000000e+00
5.555555555555555802e-01 4.620157396474255940e-01 1.000000000000000000e+00
6.060606060606060774e-01 2.227607633772568985e+00 1.000000000000000000e+00
6.565656565656565746e-01 1.207612156351828281e+00 1.000000000000000000e+00
7.070707070707070718e-01 1.076775403100361794e+00 1.000000000000000000e+00
7.575757575757575690e-01 2.078469896225964675e+00 1.000000000000000000e+00
8.080808080808080662e-01 7.519911523588396207e-01 1.000000000000000000e+00
8.585858585858585634e-01 2.804968751384712355e+00 1.000000000000000000e+00
9.090909090909090606e-01 1.996977791028506699e+00 1.000000000000000000e+00
9.595959595959595578e-01 3.853459409881936359e+00 1.000000000000000000e+00
1.010101010101010166e+00 3.090646341568816347e+00 1.000000000000000000e+00
1.060606060606060552e+00 1.968902862289133804e+00 1.000000000000000000e+00
1.111111111111111160e+00 9.434757330692373767e-01 1.000000000000000000e+00
1.161616161616161547e+00 2.011347656570031006e+00 1.000000000000000000e+00
1.212121212121212155e+00 4.629639556033968262e+00 1.000000000000000000e+00
1.262626262626262541e+00 4.989082447481402838e+00 1.000000000000000000e+00
1.313131313131313149e+00 5.891657124691578318e-01 1.000000000000000000e+00
1.363636363636363535e+00 2.847674116050717963e+00 1.000000000000000000e+00
1.414141414141414144e+00 2.099891757980846929e+00 1.000000000000000000e+00
1.464646464646464530e+00 4.386366575744389706e+00 1.000000000000000000e+00
1.515151515151515138e+00 1.696590701438293047e+00 1.000000000000000000e+00
1.565656565656565524e+00 2.712396134351574339e+00 1.000000000000000000e+00
1.616161616161616132e+00 2.131213185439686963e+00 1.000000000000000000e+00
1.666666666666666741e+00 2.487570620311418956e+00 1.000000000000000000e+00
1.717171717171717127e+00 5.239110486196127070e+00 1.000000000000000000e+00
1.767676767676767735e+00 3.582351218784822766e+00 1.000000000000000000e+00
1.818181818181818121e+00 2.989998297362657986e+00 1.000000000000000000e+00
1.868686868686868729e+00 3.214512901814562174e+00 1.000000000000000000e+00
1.919191919191919116e+00 2.699003788802785575e+00 1.000000000000000000e+00
1.969696969696969724e+00 4.782102142445156190e+00 1.000000000000000000e+00
2.020202020202020332e+00 3.411428467352330962e+00 1.000000000000000000e+00
2.070707070707070496e+00 2.948704431091043521e+00 1.000000000000000000e+00
2.121212121212121104e+00 2.012057841472493891e+00 1.000000000000000000e+00
2.171717171717171713e+00 2.725519583192613560e+00 1.000000000000000000e+00
2.222222222222222321e+00 3.358112682362120349e+00 1.000000000000000000e+00
2.272727272727272485e+00 3.459360585129931831e+00 1.000000000000000000e+00
2.323232323232323093e+00 3.467008034762632640e+00 1.000000000000000000e+00
2.373737373737373701e+00 4.026775867970461498e+00 1.000000000000000000e+00
2.424242424242424310e+00 4.354226620030988926e+00 1.000000000000000000e+00
2.474747474747474918e+00 3.651850725250378016e+00 1.000000000000000000e+00
2.525252525252525082e+00 4.489612639481563860e+00 1.000000000000000000e+00
2.575757575757575690e+00 3.564187482843950150e+00 1.000000000000000000e+00
2.626262626262626299e+00 4.586788014498008437e+00 1.000000000000000000e+00
2.676767676767676907e+00 4.264828937516826457e+00 1.000000000000000000e+00
2.727272727272727071e+00 2.272740863603370798e+00 1.000000000000000000e+00
2.777777777777777679e+00 3.607567217979817720e+00 1.000000000000000000e+00
2.828282828282828287e+00 5.003386196513853079e+00 1.000000000000000000e+00
2.878787878787878896e+00 5.583220420943390216e+00 1.000000000000000000e+00
2.929292929292929060e+00 3.582829790338650344e+00 1.000000000000000000e+00
2.979797979797979668e+00 5.327054729603776906e+00 1.000000000000000000e+00
3.030303030303030276e+00 3.532787394371509571e+00 1.000000000000000000e+00
3.080808080808080884e+00 4.019485143735109567e+00 1.000000000000000000e+00
3.131313131313131048e+00 5.355277084230229079e+00 1.000000000000000000e+00
3.181818181818181657e+00 2.756637462526030369e+00 1.000000000000000000e+00
3.232323232323232265e+00 6.656434648748925653e+00 1.000000000000000000e+00
3.282828282828282873e+00 5.835831489562921526e+00 1.000000000000000000e+00
3.333333333333333481e+00 4.356641926141986865e+00 1.000000000000000000e+00
3.383838383838383645e+00 5.461031633555341713e+00 1.000000000000000000e+00
3.434343434343434254e+00 4.369451089362483387e+00 1.000000000000000000e+00
3.484848484848484862e+00 3.482209720933405528e+00 1.000000000000000000e+00
3.535353535353535470e+00 5.695189845545868934e+00 1.000000000000000000e+00
3.585858585858585634e+00 4.983868768069343425e+00 1.000000000000000000e+00
3.636363636363636243e+00 6.756839115419134956e+00 1.000000000000000000e+00
3.686868686868686851e+00 4.086463050027561827e+00 1.000000000000000000e+00
3.737373737373737459e+00 5.979500248094376857e+00 1.000000000000000000e+00
3.787878787878787623e+00 4.017265781154707227e+00 1.000000000000000000e+00
3.838383838383838231e+00 4.278840990741556993e+00 1.000000000000000000e+00
3.888888888888888840e+00 5.909927682204526356e+00 1.000000000000000000e+00
3.939393939393939448e+00 4.707406081378005425e+00 1.000000000000000000e+00
3.989898989898989612e+00 5.856261719289652667e+00 1.000000000000000000e+00
4.040404040404040664e+00 5.630582647087745585e+00 1.000000000000000000e+00
4.090909090909090828e+00 5.968908861266455368e+00 1.000000000000000000e+00
4.141414141414140992e+00 5.987789801643422116e+00 1.000000000000000000e+00
4.191919191919192045e+00 6.778827356664843151e+00 1.000000000000000000e+00
4.242424242424242209e+00 6.570235824466510444e+00 1.000000000000000000e+00
4.292929292929293261e+00 5.634429060922016674e+00 1.000000000000000000e+00
4.343434343434343425e+00 6.359230399713088566e+00 1.000000000000000000e+00
4.393939393939393590e+00 7.234741537576307557e+00 1.000000000000000000e+00
4.444444444444444642e+00 5.879287504428417854e+00 1.000000000000000000e+00
4.494949494949494806e+00 6.626981956142618202e+00 1.000000000000000000e+00
4.545454545454544970e+00 5.134044939039346112e+00 1.000000000000000000e+00
4.595959595959596022e+00 8.440363152605273811e+00 1.000000000000000000e+00
4.646464646464646187e+00 7.184007171573482786e+00 1.000000000000000000e+00
4.696969696969697239e+00 6.304695253620074880e+00 1.000000000000000000e+00
4.747474747474747403e+00 5.340274615946700720e+00 1.000000000000000000e+00
4.797979797979797567e+00 5.351703941823831912e+00 1.000000000000000000e+00
4.848484848484848619e+00 6.551450592441595333e+00 1.000000000000000000e+00
4.898989898989898784e+00 6.862668520238185188e+00 1.000000000000000000e+00
4.949494949494949836e+00 5.842816967189892630e+00 1.000000000000000000e+00
5.000000000000000000e+00 6.822800047282084890e+00 1.000000000000000000e+00
