0.000000000000000000e+00 2.449153343737342503e-01 5.000000000000000000e-01
5.050505050505050414e-02 1.281057878756344692e+00 5.000000000000000000e-01
1.010101010101010083e-01 1.416478174045836536e+00 5.000000000000000000e-01
1.515151515151515194e-01 9.541135648326606322e-01 5.000000000000000000e-01
2.020202020202020166e-01 1.071086163806418634e+00 5.000000000000000000e-01
2.525252525252525415e-01 1.725842444038990786e-01 5.000000000000000000e-01
3.030303030303030387e-01 1.109986740888294410e+00 5.000000000000000000e-01
3.535353535353535359e-01 4.507263771438729805e-03 5.000000000000000000e-01
4.040404040404040331e-01 7.865595028229654950e-01 5.000000000000000000e-01
4.545454545454545303e-01 1.275452716354286586e+00 5.000000000000000000e-01
5.050505050505050830e-01 7.765086118080118949e-01 5.000000000000000000e-01
5.555555555555555802e-01 7.829311812465863385e-01 5.000000000000000000e-01
6.060606060606060774e-01 1.623254530743114321e+00 5.000000000000000000e-01
6.565656565656565746e-01 1.891011755169760278e-01 5.000000000000000000e-01
7.070707070707070718e-01 1.441267327512976593e+00 5.000000000000000000e-01
7.575757575757575690e-01 1.814844918558474518e+00 5.000000000000000000e-01
8.080808080808080662e-01 1.260932236788342209e+00 5.000000000000000000e-01
8.585858585858585634e-01 1.667700010986923109e+00 5.000000000000000000e-01
9.090909090909090606e-01 6.217688209308356306e-01 5.000000000000000000e-01
9.595959595959595578e-01 1.379421259409346678e+00 5.000000000000000000e-01
1.010101010101010166e+00 4.531970309235161531e-01 5.000000000000000000e-01
1.060606060606060552e+00 9.397011519402764801e-01 5.000000000000000000e-01
1.111111111111111160e+00 1.085246043068988087e+00 5.000000000000000000e-01
1.161616161616161547e+00 1.133671953253663656e+00 5.000000000000000000e-01
1.212121212121212155e+00 9.032632110876612774e-01 5.000000000000000000e-01
1.262626262626262541e+00 9.262263618870154591e-01 5.000000000000000000e-01
1.313131313131313149e+00 7.413150997730725278e-01 5.000000000000000000e-01
1.363636363636363535e+00 1.352855127903529464e+00 5.000000000000000000e-01
1.414141414141414144e+00 2.010639466245277340e+00 5.000000000000000000e-01
1.464646464646464530e+00 8.099050965021840076e-01 5.000000000000000000e-01
1.515151515151515138e+00 2.919134955068659831e+00 5.000000000000000000e-01
1.565656565656565524e+00 2.036685730849222331e+00 5.000000000000000000e-01
1.616161616161616132e+00 1.794411356150335202e+00 5.000000000000000000e-01
1.666666666666666741e+00 1.962218697232809728e+00 5.000000000000000000e-01
1.717171717171717127e+00 1.071914277232505652e+00 5.000000000000000000e-01
1.767676767676767735e+00 1.451214062569091023e+00 5.000000000000000000e-01
1.818181818181818121e+00 1.489412068606331019e+00 5.000000000000000000e-01
1.868686868686868729e+00 2.119919217780936282e+00 5.000000000000000000e-01
1.919191919191919116e+00 1.960239261203637007e+00 5.000000000000000000e-01
1.969696969696969724e+00 2.441081152615062866e+00 5.000000000000000000e-01
2.020202020202020332e+00 2.443509638835587694e+00 5.000000000000000000e-01
2.070707070707070496e+00 2.851257896232729294e+00 5.000000000000000000e-01
2.121212121212121104e+00 3.502831598258503654e+00 5.000000000000000000e-01
2.171717171717171713e+00 2.359532713288488459e+00 5.000000000000000000e-01
2.222222222222222321e+00 2.286694603670569315e+00 5.000000000000000000e-01
2.272727272727272485e+00 2.533879441103474850e+00 5.000000000000000000e-01
2.323232323232323093e+00 3.230275568336190339e+00 5.000000000000000000e-01
2.373737373737373701e+00 3.596003109573840284e+00 5.000000000000000000e-01
2.424242424242424310e+00 2.736106895136169115e+00 5.000000000000000000e-01
2.474747474747474918e+00 3.276109482978341259e+00 5.000000000000000000e-01
2.525252525252525082e+00 3.817085015337891907e+00 5.000000000000000000e-01
2.575757575757575690e+00 4.066988153518074967e+00 5.000000000000000000e-01
2.626262626262626299e+00 3.577328142692351776e+00 5.000000000000000000e-01
2.676767676767676907e+00 3.622458136675396290e+00 5.000000000000000000e-01
2.727272727272727071e+00 3.076656755265604115e+00 5.000000000000000000e-01
2.777777777777777679e+00 2.831118892797155784e+00 5.000000000000000000e-01
2.828282828282828287e+00 3.545838571737803147e+00 5.000000000000000000e-01
2.878787878787878896e+00 4.065154669954104349e+00 5.000000000000000000e-01
2.929292929292929060e+00 4.109459020608402291e+00 5.000000000000000000e-01
2.979797979797979668e+00 3.403964440224940269e+00 5.000000000000000000e-01
3.030303030303030276e+00 4.450908012656172197e+00 5.000000000000000000e-01
3.080808080808080884e+00 3.613402985707347526e+00 5.000000000000000000e-01
3.131313131313131048e+00 4.311792918249667927e+00 5.000000000000000000e-01
3.181818181818181657e+00 2.921603629174491790e+00 5.000000000000000000e-01
3.232323232323232265e+00 3.734098891244250762e+00 5.000000000000000000e-01
3.282828282828282873e+00 4.065500267806397616e+00 5.000000000000000000e-01
3.333333333333333481e+00 3.992685894916366607e+00 5.000000000000000000e-01
3.383838383838383645e+00 4.401059405818042336e+00 5.000000000000000000e-01
3.434343434343434254e+00 3.098415468619190705e+00 5.000000000000000000e-01
3.484848484848484862e+00 3.626580844687032901e+00 5.000000000000000000e-01
3.535353535353535470e+00 3.608663483215484025e+00 5.000000000000000000e-01
3.585858585858585634e+00 4.324015706762415867e+00 5.000000000000000000e-01
3.636363636363636243e+00 3.866498980304988287e+00 5.000000000000000000e-01
3.686868686868686851e+00 4.637459058732224193e+00 5.000000000000000000e-01
3.737373737373737459e+00 4.955815439925226329e+00 5.000000000000000000e-01
3.787878787878787623e+00 4.135532920690585534e+00 5.000000000000000000e-01
3.838383838383838231e+00 4.550086023273575364e+00 5.000000000000000000e-01
3.888888888888888840e+00 4.901519851057335231e+00 5.000000000000000000e-01
3.939393939393939448e+00 3.591904586184458736e+00 5.000000000000000000e-01
3.989898989898989612e+00 3.235161718656144103e+00 5.000000000000000000e-01
4.040404040404040664e+00 3.429827924785504578e+00 5.000000000000000000e-01
4.090909090909090828e+00 3.982129477129257022e+00 5.000000000000000000e-01
4.141414141414140992e+00 3.838278627762625739e+00 5.000000000000000000e-01
4.191919191919192045e+00 4.440890819177825577e+00 5.000000000000000000e-01
4.242424242424242209e+00 3.562033743439716460e+00 5.000000000000000000e-01
4.292929292929293261e+00 4.136140246987864089e+00 5.000000000000000000e-01
4.343434343434343425e+00 5.025015523426214159e+00 5.000000000000000000e-01
4.393939393939393590e+00 3.757819895224865814e+00 5.000000000000000000e-01
4.444444444444444642e+00 4.267777473206049166e+00 5.000000000000000000e-01
4.494949494949494806e+00 5.140831180406497225e+00 5.000000000000000000e-01
4.545454545454544970e+00 4.374107010970035070e+00 5.000000000000000000e-01
4.595959595959596022e+00 3.751596294941140552e+00 5.000000000000000000e-01
4.646464646464646187e+00 3.942664770692211107e+00 5.000000000000000000e-01
4.696969696969697239e+00 4.528266354585257503e+00 5.000000000000000000e-01
4.747474747474747403e+00 4.921772194756031560e+00 5.000000000000000000e-01
4.797979797979797567e+00 4.539075346937901934e+00 5.000000000000000000e-01
4.848484848484848619e+00 3.796277761752151925e+00 5.000000000000000000e-01
4.898989898989898784e+00 4.135333024450155825e+00 5.000000000000000000e-01
4.949494949494949836e+00 4.088205239654769230e+00 5.000000000000000000e-01
5.000000000000000000e+00 3.755419349206597701e+00 5.000000000000000000e-01
