0.000000000000000000e+00 8.466697203901669688e-01 1.000000000000000056e-01
5.050505050505050414e-02 8.876190190024908500e-01 1.000000000000000056e-01
1.010101010101010083e-01 1.076092991888375261e+00 1.000000000000000056e-01
1.515151515151515194e-01 1.231104607071183299e+00 1.000000000000000056e-01
2.020202020202020166e-01 1.004613070516039430e+00 1.000000000000000056e-01
2.525252525252525415e-01 1.006079861745402093e+00 1.000000000000000056e-01
3.030303030303030387e-01 1.061731350336000856e+00 1.000000000000000056e-01
3.535353535353535359e-01 1.207687170780898489e+00 1.000000000000000056e-01
4.040404040404040331e-01 1.231028312993744267e+00 1.000000000000000056e-01
4.545454545454545303e-01 1.330124032059086359e+00 1.000000000000000056e-01
5.050505050505050830e-01 1.264794216988186948e+00 1.000000000000000056e-01
5.555555555555555802e-01 1.248575182460600397e+00 1.000000000000000056e-01
6.060606060606060774e-01 1.300260389977147657e+00 1.000000000000000056e-01
6.565656565656565746e-01 1.517125724163142841e+00 1.000000000000000056e-01
7.070707070707070718e-01 1.418512161530631976e+00 1.000000000000000056e-01
7.575757575757575690e-01 1.683386125217270157e+00 1.000000000000000056e-01
8.080808080808080662e-01 1.625822446318358372e+00 1.000000000000000056e-01
8.585858585858585634e-01 1.767647491495827783e+00 1.000000000000000056e-01
9.090909090909090606e-01 1.798552193949112032e+00 1.000000000000000056e-01
9.595959595959595578e-01 1.778381536317999556e+00 1.000000000000000056e-01
1.010101010101010166e+00 1.824277424866764141e+00 1.000000000000000056e-01
1.060606060606060552e+00 1.921210759039236882e+00 1.000000000000000056e-01
1.111111111111111160e+00 1.959979245265841996e+00 1.000000000000000056e-01
1.161616161616161547e+00 1.809390910803079677e+00 1.000000000000000056e-01
1.212121212121212155e+00 2.083957701072703284e+00 1.000000000000000056e-01
1.262626262626262541e+00 2.089188436384065373e+00 1.000000000000000056e-01
1.313131313131313149e+00 2.226173351542013901e+00 1.000000000000000056e-01
1.363636363636363535e+00 2.228151886082319066e+00 1.000000000000000056e-01
1.414141414141414144e+00 2.055548076588352924e+00 1.000000000000000056e-01
1.464646464646464530e+00 2.499259113580243774e+00 1.000000000000000056e-01
1.515151515151515138e+00 2.327209070392912249e+00 1.000000000000000056e-01
1.565656565656565524e+00 2.430263698876826250e+00 1.000000000000000056e-01
1.616161616161616132e+00 2.697683415517408978e+00 1.000000000000000056e-01
1.666666666666666741e+00 2.726054707140796562e+00 1.000000000000000056e-01
1.717171717171717127e+00 2.784450076223517812e+00 1.000000000000000056e-01
1.767676767676767735e+00 2.822873918060263776e+00 1.000000000000000056e-01
1.818181818181818121e+00 3.023038542630759995e+00 1.000000000000000056e-01
1.868686868686868729e+00 2.723375146042699146e+00 1.000000000000000056e-01
1.919191919191919116e+00 2.884287351414071221e+00 1.000000000000000056e-01
1.969696969696969724e+00 2.986461653917351633e+00 1.000000000000000056e-01
2.020202020202020332e+00 3.061469880191278747e+00 1.000000000000000056e-01
2.070707070707070496e+00 3.237350154037545558e+00 1.000000000000000056e-01
2.121212121212121104e+00 3.255376115706849927e+00 1.000000000000000056e-01
2.171717171717171713e+00 3.322141757524654349e+00 1.000000000000000056e-01
2.222222222222222321e+00 3.497084782805764291e+00 1.000000000000000056e-01
2.272727272727272485e+00 3.381074876126554329e+00 1.000000000000000056e-01
2.323232323232323093e+00 3.837930868605422319e+00 1.000000000000000056e-01
2.373737373737373701e+00 3.654668465533470467e+00 1.000000000000000056e-01
2.424242424242424310e+00 3.494541246304994075e+00 1.000000000000000056e-01
2.474747474747474918e+00 3.754930011053494443e+00 1.000000000000000056e-01
2.525252525252525082e+00 3.754090939234767887e+00 1.000000000000000056e-01
2.575757575757575690e+00 3.904129152214179221e+00 1.000000000000000056e-01
2.626262626262626299e+00 3.957013377663331166e+00 1.000000000000000056e-01
2.676767676767676907e+00 4.004083769381502123e+00 1.000000000000000056e-01
2.727272727272727071e+00 4.141379334261322320e+00 1.000000000000000056e-01
2.777777777777777679e+00 4.336134099806685072e+00 1.000000000000000056e-01
2.828282828282828287e+00 4.349560039519200672e+00 1.000000000000000056e-01
2.878787878787878896e+00 4.568203559172268946e+00 1.000000000000000056e-01
2.929292929292929060e+00 4.497938132107490716e+00 1.000000000000000056e-01
2.979797979797979668e+00 4.833162085940077013e+00 1.000000000000000056e-01
3.030303030303030276e+00 4.803905557302959650e+00 1.000000000000000056e-01
3.080808080808080884e+00 4.983176777649255484e+00 1.000000000000000056e-01
3.131313131313131048e+00 4.832337201574189223e+00 1.000000000000000056e-01
3.181818181818181657e+00 4.871072345334428455e+00 1.000000000000000056e-01
3.232323232323232265e+00 4.998091545217065779e+00 1.000000000000000056e-01
3.282828282828282873e+00 4.975931828107641230e+00 1.000000000000000056e-01
3.333333333333333481e+00 5.129015793811761093e+00 1.000000000000000056e-01
3.383838383838383645e+00 5.169637805112460960e+00 1.000000000000000056e-01
3.434343434343434254e+00 5.206010603431551864e+00 1.000000000000000056e-01
3.484848484848484862e+00 5.491119360863020660e+00 1.000000000000000056e-01
3.535353535353535470e+00 5.510298832776165057e+00 1.000000000000000056e-01
3.585858585858585634e+00 5.793095764548226612e+00 1.000000000000000056e-01
3.636363636363636243e+00 5.819541066793242123e+00 1.000000000000000056e-01
3.686868686868686851e+00 5.812697231248633578e+00 1.000000000000000056e-01
3.737373737373737459e+00 5.669198107667243747e+00 1.000000000000000056e-01
3.787878787878787623e+00 6.048839986831237248e+00 1.000000000000000056e-01
3.838383838383838231e+00 6.027672027445706959e+00 1.000000000000000056e-01
3.888888888888888840e+00 6.177313194460531953e+00 1.000000000000000056e-01
3.939393939393939448e+00 6.187812323273375270e+00 1.000000000000000056e-01
3.989898989898989612e+00 6.363311589519852873e+00 1.000000000000000056e-01
4.040404040404040664e+00 6.345127077971728369e+00 1.000000000000000056e-01
4.090909090909090828e+00 6.662952245066019685e+00 1.000000000000000056e-01
4.141414141414140992e+00 6.574536298695448977e+00 1.000000000000000056e-01
4.191919191919192045e+00 6.757440613257553963e+00 1.000000000000000056e-01
4.242424242424242209e+00 6.824733599056237665e+00 1.000000000000000056e-01
4.292929292929293261e+00 6.951083442582643990e+00 1.000000000000000056e-01
4.343434343434343425e+00 7.049114038599618048e+00 1.000000000000000056e-01
4.393939393939393590e+00 6.994957054817236397e+00 1.000000000000000056e-01
4.444444444444444642e+00 7.422724730346082822e+00 1.000000000000000056e-01
4.494949494949494806e+00 7.318209026677759077e+00 1.000000000000000056e-01
4.545454545454544970e+00 7.420248834634992185e+00 1.000000000000000056e-01
4.595959595959596022e+00 7.573408724416316851e+00 1.000000000000000056e-01
4.646464646464646187e+00 7.585631669976180547e+00 1.000000000000000056e-01
4.696969696969697239e+00 7.702439761271396179e+00 1.000000000000000056e-01
4.747474747474747403e+00 7.808902248714957750e+00 1.000000000000000056e-01
4.797979797979797567e+00 8.035278721665360280e+00 1.000000000000000056e-01
4.848484848484848619e+00 7.980788536003782241e+00 1.000000000000000056e-01
4.898989898989898784e+00 8.369752083958154287e+00 1.000000000000000056e-01
4.949494949494949836e+00 8.306245052293006026e+00 1.000000000000000056e-01
5.000000000000000000e+00 8.507230080450067788e+00 1.000000000000000056e-01
