1.412 -0.763
-1.022 -0.794
0.178 -0.695
1.589 -0.750
-2.338 -0.267
-1.023 -0.104
-0.823 -0.348
0.728 -0.776
-0.170 -0.793
-0.521 -0.521
0.166 -0.711
1.227 -0.757
0.301 -0.493
-0.475 -1.191
-0.529 -0.259
-0.013 -0.296
-0.895 -0.614
0.331 -0.799
-0.788 -0.310
-1.068 -0.412
0.832 -0.761
-0.528 -0.478
-0.646 -0.444
-0.221 -1.228
0.814 -1.240
-1.355 -0.231
-0.290 -0.857
-1.005 -0.440
1.052 -0.406
0.798 -0.437
0.137 -0.630
0.443 -0.755
-0.414 -0.988
0.732 -1.092
2.698 -1.555
1.208 -0.783
0.430 -0.489
-1.639 -0.530
0.979 -0.585
0.177 -0.911
1.881 -0.612
0.678 -0.763
0.271 -0.609
-0.935 -0.268
-0.535 -0.660
-1.206 -0.920
0.637 -0.938
-0.531 -0.593
-0.963 -0.562
-1.578 -0.365
-1.244 -0.518
0.354 -0.800
-2.584 -0.045
0.626 -0.914
0.278 -1.072
0.933 -0.864
0.987 -1.120
0.833 -0.412
0.979 -1.087
-1.704 -1.102
0.326 -1.030
0.096 -0.966
-0.411 -0.487
0.351 -1.076
0.755 -1.057
-0.827 -0.421
1.628 -1.302
0.277 -0.429
2.481 -0.872
0.117 -0.600
0.142 -1.085
-0.678 -0.663
-0.045 -1.062
1.279 -0.997
-0.377 -0.444
-0.430 -0.769
-0.252 -0.530
0.588 -0.638
0.266 -0.785
1.581 -1.071
1.269 -0.593
0.060 -1.008
1.242 -1.130
-0.820 -0.791
0.798 -0.928
0.083 -0.664
-0.612 -0.705
0.973 -0.733
0.644 -1.074
0.305 -0.782
-0.675 -0.700
-0.394 -0.910
0.243 -0.421
1.031 -1.052
1.642 -1.222
1.014 -0.753
0.988 -0.701
1.723 -1.326
-2.127 0.067
0.194 -0.410
-1.531 -0.458
-2.322 -0.472
-0.604 -0.296
-2.147 -0.660
1.781 -0.402
0.087 -0.479
1.221 -1.081
1.846 -0.713
-0.954 -0.518
-0.751 -0.307
1.331 -1.167
0.064 -0.655
-0.475 -0.719
1.617 -0.992
-1.037 -1.022
-0.839 -0.358
1.149 -1.006
-0.610 -0.163
0.074 -0.912
0.172 -0.356
0.329 -0.335
1.340 -1.041
-1.578 -0.480
-0.545 -0.190
-0.536 -0.551
0.977 -0.617
-0.287 -0.201
-0.325 -0.465
1.605 -1.363
-0.626 -0.686
1.222 -1.147
-0.292 -0.462
-1.361 -0.779
-1.582 -0.561
-0.250 -0.943
-0.943 -0.541
-1.293 -0.788
0.750 -1.078
0.245 -0.754
-0.118 -0.483
0.903 -1.001
-2.657 -0.158
-0.311 -0.836
-1.550 -0.365
0.416 -0.447
-0.194 -1.179
1.627 -1.289
0.485 -0.513
0.383 -0.821
-0.079 -1.142
0.456 -0.740
0.462 -1.007
0.478 -0.501
-0.687 -0.462
0.205 -0.728
-0.552 -0.168
1.045 -0.452
-2.346 -0.309
0.364 -0.636
1.778 -1.046
0.950 -1.214
-0.394 -0.717
0.838 -0.920
2.287 -1.014
0.342 -0.976
-0.191 -0.766
-0.055 -0.725
-0.279 -0.658
0.360 -1.021
-2.208 -0.482
-1.540 -0.716
-1.182 -0.702
1.465 -0.501
2.661 -1.081
1.828 -1.095
-0.082 -0.529
0.490 -0.719
0.250 -0.777
-0.597 -1.073
0.110 -0.527
0.221 -0.657
-0.956 -0.150
0.737 -1.085
-1.041 -0.617
1.919 -0.868
0.214 -1.047
1.704 -0.750
-0.964 -0.405
-1.390 -0.391
-0.782 -0.665
0.951 -0.877
1.565 -0.704
0.003 -0.768
0.139 -0.527
0.359 -0.815
1.586 -1.019
1.024 -0.931
-1.324 -0.523
0.730 -0.897
0.487 -0.651
-1.630 -0.138
-0.545 -0.933
0.746 -0.555
-1.622 -0.522
1.069 -0.571
0.481 -1.088
-0.949 -0.640
-0.495 -0.674
0.734 -0.649
0.073 -0.318
1.012 -0.892
1.448 -0.775
-0.239 -0.778
-1.078 -0.240
1.433 -0.692
0.208 -0.359
1.310 -1.122
0.692 -0.621
-0.710 -0.592
-0.992 -0.672
-1.372 -0.917
-0.290 -0.069
-2.357 -0.017
-0.450 -0.721
2.544 -0.620
0.637 -0.901
1.022 -0.924
0.936 -0.660
-1.888 -0.135
1.916 -1.270
1.917 -1.407
-0.367 -0.678
0.173 -0.672
0.382 -1.195
0.328 -0.499
-1.099 -0.283
-1.841 -0.741
-0.410 -0.637
0.099 -0.739
-1.346 -0.253
0.561 -0.945
-0.016 -0.673
-1.460 -0.419
1.051 -0.720
-0.967 -0.506
-0.613 -0.285
-0.928 -0.598
0.039 -0.674
-0.639 -1.020
-0.220 -0.811
0.317 -1.072
0.501 -1.065
1.839 -1.318
0.681 -1.037
-1.335 -0.364
1.432 -1.025
-1.462 -0.740
0.311 -1.005
-1.253 -0.477
0.874 -0.862
0.124 -0.949
-0.943 -0.706
-0.339 -0.686
-0.601 0.191
-1.356 -0.913
1.602 -0.861
-0.451 -0.713
0.507 -1.334
-0.532 -0.767
-0.792 -1.048
-0.007 -0.692
-0.422 -0.263
0.457 -0.768
-0.352 -0.884
0.617 -0.963
1.743 -1.001
0.332 -0.875
0.075 -1.061
-0.584 -0.198
0.993 -0.974
-1.341 -0.579
-2.197 -0.341
1.163 -0.767
-1.520 -0.576
0.025 -0.914
-0.187 -0.487
-1.826 -0.147
1.175 -0.836
-0.151 -0.617
1.673 -0.888
-0.165 -0.930
0.690 -1.290
0.110 -0.569
-1.152 -0.563
-0.792 -0.789
-0.583 -0.541
0.281 -0.635
0.144 -0.692
2.055 -1.295
-0.819 -0.728
0.057 -0.675
1.131 -1.051
-1.054 -0.276
-0.439 -0.730
0.396 -0.184
0.734 -0.882
-0.625 -0.445
0.396 -0.877
-0.205 -0.612
0.775 -0.862
0.515 -1.003
-0.857 -0.526
-0.379 -0.537
-0.296 -0.748
0.626 -1.003
1.829 -0.679
0.226 -0.654
1.383 -1.202
1.092 -0.397
-0.870 -0.406
1.054 -0.585
-0.826 -0.609
0.792 -0.783
0.792 -1.009
-0.197 -0.125
0.414 -0.811
-1.198 -0.141
0.448 -1.214
-0.081 -0.798
-1.909 -0.380
0.122 -0.608
-1.156 -0.695
-0.304 -0.630
1.274 -0.662
0.803 -0.867
0.358 -1.149
1.283 -1.319
-0.694 -0.585
-0.465 -0.731
-0.004 -1.086
-3.148 -0.196
-0.683 -0.523
0.606 -0.931
-0.660 -0.467
2.495 -1.421
-0.372 -0.439
0.385 -0.629
-0.890 -0.150
-0.708 -0.584
-1.008 -0.141
-0.461 -0.500
1.811 -0.919
1.144 -0.768
-0.417 -1.009
-1.439 -0.174
0.987 -1.195
0.752 -0.511
-0.374 -0.707
1.055 -0.933
1.285 -1.080
1.394 -0.812
0.968 -1.190
0.497 -0.811
0.226 -0.495
0.169 -1.167
0.991 -0.861
-2.106 0.227
0.130 -0.372
0.552 -0.911
-0.455 -0.087
1.176 -0.523
-0.666 -0.734
1.400 -1.085
0.809 -0.853
-0.731 -0.606
-1.643 -0.248
-0.992 -0.018
1.815 -0.793
-0.067 -0.800
-0.597 -0.432
-0.612 -0.151
-0.525 -0.774
-1.261 -0.029
0.822 -0.928
0.239 -0.449
-1.046 -0.357
1.092 -1.110
-1.184 -0.541
0.793 -0.690
0.377 -0.979
-0.258 -1.134
0.075 -0.642
-0.123 -0.562
0.625 -0.460
-0.352 -0.006
-0.506 -0.203
1.806 -1.138
-1.232 -1.277
-0.411 -0.744
-2.181 -0.232
-1.467 -0.415
0.332 -0.821
0.473 -0.822
-0.545 -0.724
-1.166 -0.830
1.280 -1.501
1.609 -1.289
0.186 -1.134
-0.050 -0.742
-1.164 -0.263
1.853 -1.163
1.200 -1.025
0.075 -0.516
1.394 -1.516
0.361 -0.902
-0.881 -0.329
-0.729 -0.574
-1.542 -0.472
-0.208 -0.493
0.256 -0.758
-0.417 -0.434
1.240 -0.926
-1.488 -0.236
-0.247 -0.536
-0.371 -0.540
-1.364 -0.486
-2.166 0.073
1.928 -1.304
0.137 -1.005
1.070 -1.285
0.777 -1.113
-1.137 -0.451
0.431 -0.926
0.908 -0.386
-0.250 -0.878
1.495 -1.044
-0.821 -1.009
-1.305 -1.016
-0.750 -0.442
0.555 -0.962
-0.051 -0.964
-1.082 0.212
-1.171 -0.387
0.041 -0.761
0.455 -0.465
0.013 -0.805
0.109 -0.441
-1.154 -0.114
0.230 -0.814
0.484 -0.806
0.800 -1.337
1.621 -0.859
-0.448 -0.403
-2.206 -0.573
-2.131 -0.826
-1.923 -0.250
0.512 -1.165
0.334 -0.555
-0.617 -0.172
0.985 -1.144
0.166 -0.925
-1.314 -0.058
2.016 -0.770
-1.852 -0.710
-1.982 -0.284
-1.596 -0.245
-0.277 -0.654
1.018 -1.066
1.738 -1.447
-1.805 -0.413
1.416 -1.517
-0.986 -0.133
0.330 -0.925
-0.890 -0.520
0.105 -0.511
-0.899 -0.455
-0.898 -0.826
-0.585 -0.521
-0.426 -0.339
1.750 -1.210
1.259 -0.701
0.711 -0.687
-0.106 -0.334
-0.713 -0.492
0.112 -0.820
-0.329 -0.458
0.225 -0.354
0.530 -0.687
-2.240 -0.109
-0.275 -0.701
-0.149 -0.586
0.639 -0.599
-0.016 -0.719
0.225 -0.645
0.402 -1.034
-0.085 -0.787
-1.486 -0.417
-1.791 -0.238
-1.157 -0.118
-0.120 -0.491
