0.472  -6.589
0.472  -7.164
0.389  -7.000
0.472  -6.466
0.379  -6.693
0.362  -6.674
0.355  -6.370
0.365  -6.871
0.527  -6.713
0.312  -6.431
0.464  -6.772
0.434  -6.478
0.440  -6.884
0.416  -6.420
0.591  -7.908
0.341  -7.095
0.455  -7.624
0.375  -6.856
0.423  -6.777
0.331  -6.315
0.350  -6.786
0.311  -6.563
0.495  -7.322
0.422  -6.788
0.381  -6.675
0.411  -6.974
0.381  -6.579
0.435  -6.935
0.305  -6.040
0.472  -6.865
0.414  -6.983
0.470  -7.423
0.495  -6.729
0.455  -7.099
0.372  -6.626
0.331  -6.651
0.433  -7.186
0.407  -7.405
0.252  -6.729
0.563  -7.482
0.330  -6.238
0.448  -6.567
0.470  -7.338
0.410  -6.895
0.275  -6.482
0.350  -6.288
0.447  -6.677
0.424  -6.861
0.380  -7.196
0.501  -7.455
0.526  -7.331
0.471  -6.825
0.482  -6.872
0.389  -6.999
0.439  -6.974
0.472  -7.362
0.406  -7.027
0.504  -6.930
0.366  -6.438
0.375  -6.889
0.389  -6.942
0.346  -6.750
0.464  -7.662
0.425  -7.340
0.471  -7.064
0.489  -6.828
0.312  -6.525
0.453  -7.166
0.498  -6.922
0.420  -6.946
0.306  -6.586
0.441  -6.604
0.390  -6.963
0.390  -6.657
0.311  -6.606
0.329  -6.189
0.325  -6.628
0.406  -7.014
0.352  -6.309
0.498  -7.588
0.515  -7.212
0.413  -7.046
0.677  -8.222
0.407  -7.488
0.589  -7.726
0.381  -6.770
0.430  -7.281
0.341  -6.900
0.537  -7.533
0.334  -6.797
0.445  -7.783
0.448  -6.562
0.488  -7.345
0.254  -5.965
0.447  -7.556
0.390  -6.881
0.472  -7.368
0.512  -6.848
0.501  -6.753
0.428  -7.199
0.583  -7.772
0.503  -7.370
0.379  -6.577
0.499  -6.854
0.462  -7.395
0.383  -6.568
0.348  -6.599
0.341  -6.535
0.443  -7.165
0.262  -6.383
0.367  -6.987
0.313  -6.610
0.488  -7.377
0.529  -7.428
0.491  -6.425
0.340  -6.924
0.338  -6.604
0.504  -6.562
0.407  -6.734
0.386  -6.328
0.469  -7.647
0.372  -6.511
0.332  -6.597
0.382  -6.814
0.487  -6.918
0.466  -7.341
0.393  -6.751
0.423  -6.798
0.368  -7.205
0.485  -7.074
0.357  -6.486
0.498  -7.166
0.374  -6.870
0.450  -7.563
0.467  -6.968
0.353  -6.972
0.547  -7.738
0.374  -6.513
0.368  -6.053
0.427  -6.893
0.430  -6.932
0.537  -7.508
0.449  -6.550
0.419  -6.657
0.325  -6.371
0.405  -7.194
0.449  -7.156
0.481  -7.178
0.375  -7.307
0.381  -6.513
0.518  -7.530
0.396  -6.365
0.454  -6.502
0.548  -7.461
0.497  -6.575
0.386  -6.651
0.505  -7.280
0.406  -7.262
0.439  -7.263
0.605  -7.424
0.457  -7.150
0.476  -7.365
0.538  -7.525
0.418  -6.585
0.604  -7.391
0.430  -7.324
0.377  -7.040
0.476  -7.248
0.582  -7.874
0.442  -7.280
0.336  -6.639
0.604  -7.959
0.519  -6.882
0.445  -7.589
0.476  -6.961
0.365  -6.591
0.394  -6.901
0.501  -7.014
0.413  -7.382
0.307  -6.745
0.514  -6.867
0.360  -6.451
0.504  -6.896
0.286  -6.636
0.362  -6.832
0.315  -6.523
0.333  -6.479
0.493  -7.728
0.399  -6.874
0.491  -7.557
0.421  -6.893
0.333  -6.916
0.558  -7.429
0.447  -6.963
0.447  -6.964
0.434  -6.593
0.450  -6.539
0.496  -7.346
0.459  -7.332
0.584  -7.364
3.087  -10.656
1.931  -5.081
2.613  -8.343
-1.962  -3.439
-4.365  -16.515
-0.204  -0.484
4.144  -18.581
-4.123  -14.824
1.715  -3.850
-0.536  -1.008
4.005  -17.139
-0.490  -0.472
0.895  -1.594
-1.928  -3.468
-1.649  -2.580
-3.470  -9.825
-4.159  -15.008
1.590  -3.652
-1.791  -2.690
0.479  -1.806
0.618  -1.391
2.901  -9.240
2.224  -5.939
-4.201  -15.329
-2.110  -3.985
2.731  -8.936
-3.540  -10.777
-3.339  -9.756
-2.944  -7.305
-0.472  -0.975
-2.294  -4.659
0.472  -0.989
-4.009  -14.045
4.698  -23.090
-3.036  -7.927
2.193  -5.955
-0.376  -0.655
1.801  -4.678
1.761  -3.872
1.688  -4.580
-1.949  -3.468
-1.313  -2.201
-4.494  -17.930
-3.985  -13.787
-2.776  -6.842
2.116  -5.566
2.410  -7.267
2.225  -6.286
0.409  -0.930
-0.547  -0.763
-2.006  -3.959
1.685  -3.557
-2.985  -7.657
3.222  -11.710
-0.150  -0.670
3.395  -12.474
-4.380  -16.243
-4.971  -21.354
2.561  -7.907
1.670  -3.969
-3.979  -13.944
2.283  -6.180
3.848  -16.023
3.428  -12.995
-1.624  -2.307
-4.236  -15.568
-0.780  -0.519
-4.269  -15.984
-1.449  -2.038
2.358  -6.805
0.363  -0.995
-3.919  -13.319
-2.817  -6.649
-2.948  -7.678
2.868  -9.343
-0.805  -0.922
2.994  -9.860
1.237  -2.422
-3.014  -7.943
0.801  -1.586
-4.315  -16.248
1.645  -3.694
0.963  -2.143
-2.703  -6.659
1.724  -3.942
2.892  -9.887
-1.707  -2.965
1.258  -2.845
4.153  -18.373
-4.053  -13.596
-2.831  -7.033
-1.654  -2.457
-3.796  -12.110
-0.154  -1.092
-0.951  -1.053
-1.912  -3.238
2.878  -9.501
-4.754  -19.486
-1.158  -1.490
-4.008  -14.204
3.150  -11.451
1.798  -4.269
3.052  -10.908
2.148  -5.310
-3.990  -13.984
0.953  -1.592
-1.787  -3.017
0.480  -1.434
-4.900  -21.367
-4.886  -21.095
2.037  -5.006
-2.367  -5.247
-1.438  -2.014
3.711  -15.249
-1.344  -1.695
4.858  -24.559
-0.775  -0.841
-4.240  -15.645
1.092  -2.324
-2.801  -7.330
-4.042  -14.362
-0.324  -0.925
-0.048  -0.481
-2.594  -5.993
4.791  -23.949
-1.735  -3.021
-2.342  -4.947
-1.092  -1.677
-1.617  -2.673
-1.168  -1.333
1.467  -3.232
3.899  -16.700
1.365  -3.152
4.046  -17.149
3.304  -12.025
3.985  -16.819
-1.525  -1.678
-4.080  -14.744
-0.517  -0.535
-0.132  -0.316
0.991  -2.293
-1.382  -1.641
4.335  -20.321
2.549  -8.363
0.657  -1.622
-0.290  -0.908
-0.794  -1.434
0.146  -0.932
3.010  -10.528
-2.521  -5.712
-1.205  -1.649
3.234  -11.772
3.352  -12.240
-0.820  -0.717
-4.894  -21.003
0.685  -1.514
2.516  -7.890
-0.606  -0.707
3.064  -10.557
4.573  -22.143
-3.142  -8.697
-2.310  -4.836
2.401  -7.030
-2.961  -7.609
1.805  -4.367
-2.925  -7.668
2.086  -5.389
-2.913  -7.757
-3.798  -12.903
-4.492  -17.454
-2.165  -3.840
-4.632  -18.586
-1.741  -2.782
-2.318  -4.578
-1.015  -0.871
3.084  -10.554
-2.712  -6.180
3.876  -16.028
1.183  -2.513
-1.711  -2.598
-3.927  -13.475
4.018  -17.227
2.239  -6.346
0.533  -0.843
0.468  -1.067
-1.990  -3.278
-2.263  -4.364
-1.952  -3.393
-0.032  -0.729
0.656  -1.361
3.469  -13.069
3.092  -10.866
-1.135  -1.252
-0.948  -0.966
4.088  -17.537
-2.736  -6.502
-3.124  -8.108
1.117  -2.267
-3.315  -9.406
1.559  -3.426
