-0.8109169035082889 
1.420924130202999 
-0.5465196780892141 
-0.6265950280083077 
-0.6442302130770773 
1.5474107696224153 
-0.6435883771639944 
-0.7443862691197063 
-0.8876221157553282 
-0.5001510476193877 
-0.6994516519421686 
-0.6984013491691173 
-0.6383268092410381 
-0.6355836872941141 
-0.44332583490763977 
-0.6386589615041507 
-0.7840319649163461 
-0.64612516109219 
-0.6468759764104395 
-0.7030888156012611 
-0.7646372098233019 
1.5064500806653338 
-0.5662894211513598 
-0.5280137190792631 
1.618207822510766 
1.247811964206663 
-0.5930530324626756 
-0.7130977109123948 
-0.6768131719322446 
1.379424820348775 
1.5604557849341203 
-0.6959031411017763 
-0.7885760030400704 
-0.527903374541154 
-0.7306052071298684 
-0.7454907658516735 
-0.8140031099329903 
-0.46447002812472993 
-0.6662907777734614 
-0.7668136040268181 
1.3547073273189554 
1.601622695250861 
-0.7391792384189658 
1.3889012114359562 
-0.4394588585779329 
-0.8037201465260381 
-0.7123240368489256 
1.5138265244655382 
-0.5934850402803421 
-0.8592643414142195 
-0.5670326802113448 
-0.5855096014410118 
-0.7552278955098807 
-0.6379165481680494 
-0.7201962754893023 
-0.5755282519169607 
-0.6637208956555626 
-0.5496708361986867 
-0.5639687145757855 
-0.7165374826266031 
1.3692640037353572 
-0.776021351374435 
1.3587836377675466 
-0.6780531647492567 
-0.5597603541362091 
1.2849558578207014 
-0.7687436532412233 
-0.8146196611445791 
-0.5755614286832944 
-0.6197147312132185 
-0.5098304783408931 
-0.6748185748361943 
-0.6172422790234262 
-0.7248078016243322 
-0.613444700792227 
-0.6558957662229359 
-0.6584189009179748 
1.6110450081427246 
-0.8260414282073547 
1.4868691886779613 
1.4538760639827994 
-0.6702802380111575 
1.4679833251511454 
1.4784235691700165 
-0.6531244501603233 
-0.6294056417294167 
-0.6398325095980052 
1.4166001434830078 
-0.660206320611037 
-0.9034565328915891 
1.795383144299764 
-0.5206645614704724 
-0.47432007072899895 
-0.7917963973578973 
-0.7205883663959054 
-0.5112706933115547 
-0.7743360549554796 
-0.7549340803645964 
-0.7205681700220107 
-0.670464221233047 
1.5815388178510097 
-0.651596458539768 
-0.5951952690892091 
1.6018118427479417 
-0.7626736771608662 
-0.6309084444399335 
-0.6600686464500994 
-0.7336114738248585 
-0.6911603463513002 
-0.536648780712967 
-0.8897325924769913 
1.5231194971189341 
-0.47746517938919697 
-0.5060412597572845 
-0.7342136865064598 
-0.5854873273915129 
-0.6577842172437344 
-0.7480264614439154 
1.3681816757802525 
1.3498521618528598 
-0.8526533405131469 
-0.7719418534659628 
1.61135912175799 
-0.6161376091035992 
-0.6547329223880932 
-0.4472236817574081 
-0.5467956167264986 
-0.6347024320547674 
-0.5707765518743784 
-0.46955747271741016 
-0.6875154739904565 
-0.7692969684095099 
-0.5579649969874528 
-0.7953122626142376 
-0.8775643866573595 
-0.6451036147036769 
-0.6621746125945644 
-0.8107724693644507 
1.5991154944902242 
-0.6387710734135392 
-0.7011485196062525 
-0.7666110007466356 
-0.5788422936685473 
-0.6092254648841564 
-0.5209533239232655 
1.5623806282346093 
-0.7184138036518684 
1.4908226985263595 
-0.6458172936318859 
-0.6683023632407191 
-0.5348116177460304 
-0.7144998480707316 
1.3157029599170136 
-0.5332100105174243 
-0.7019015108230984 
-0.6419080478576423 
-0.7812404256369256 
-0.7143656517795466 
-0.5979045014003612 
-0.6157766653789916 
1.4838499991264171 
-0.7718422764079421 
-0.4867700002130464 
-0.6786724964467367 
-0.8380346526356537 
-0.6464598095954635 
-0.8983475569776349 
-0.5817099348545014 
1.4207729687645163 
-0.8097338113124034 
-0.6595672787974329 
-0.7953643651511537 
-0.5878687733704722 
-0.540390012771799 
-0.8869477992278756 
-0.9855729278983059 
-0.6977427892917185 
1.5122496906960505 
-0.6429891177695277 
-0.7811267122261357 
-0.6175982986410984 
1.437789456514032 
-0.5455203490245923 
1.5117848807748386 
1.6460043923666963 
-0.8015265318887296 
-0.5081894444664831 
1.5490652115502803 
-0.8131169633265648 
-0.8071576758353113 
1.4445299711443236 
1.429133599466085 
-0.7206764192823044 
-0.8108879340942454 
1.522949869795989 
-0.7290978424522611 
-0.7473424823569984 
-0.6302948765646679 
-0.5678523023822017 
-0.549514971652708 
-0.7578824515456499 
1.7300049919318496 
1.4684227434048343 
-0.6145324591602869 
-0.919204084249861 
-0.5971947389502146 
-0.7687981131310506 
-0.7566425007747858 
-0.539326893861172 
-0.6253470686375673 
-0.7175711818609937 
-0.4349957638161958 
-0.6289333912483337 
1.4883869108055023 
-0.735762717970142 
-0.6402920001558966 
1.5907119484968282 
-0.5533380725531719 
-0.5906898247355449 
-0.6679109719934023 
-0.5530121471455124 
-0.9037988933988353 
1.610008776113093 
-0.8837914881613407 
1.657157245450667 
-0.6078018815690224 
-0.7404941065481976 
-0.5962571178217553 
-0.5680443164124951 
-0.8602377729656885 
1.377821603760442 
1.501489474764023 
-0.5723508063973921 
1.41796004325851 
-0.831599374777522 
-0.46738652303934536 
-0.7050830348131033 
-0.9040103138320044 
-0.6533576283271841 
-0.6321800873271166 
-0.8593165615303221 
-0.6468121451881799 
-0.5611643573278021 
-0.7022680284973035 
-0.7410151025811814 
-0.7037810721315789 
-0.6617458270283135 
-0.6363358001233628 
-0.4035324624684823 
-0.672958162331086 
-0.6957240363996908 
-0.9018278070202121 
-0.799985026345778 
-0.5836500191850449 
-0.6082532122615965 
-0.7014866065100568 
-0.508239523034196 
-0.725059654920526 
-0.797259010805277 
-0.6793203375876213 
-0.6170436765023606 
-0.555646805785558 
1.6187956097335572 
-0.8299207392992144 
-0.8662932476117434 
-0.6954643225139198 
1.5832493978302107 
-0.709604601830107 
1.4793535183068274 
-0.6608217424506666 
-0.5873977986535579 
-0.6830268576099681 
-0.7062865477317 
-0.630671502928019 
1.3411861964405607 
-0.7688729763997854 
-0.9485867860933805 
-0.8124395527111881 
-0.7661796433873781 
-0.6514494920832019 
1.5317034329056245 
1.5501847194340839 
-0.5413635573442218 
-0.7625531782231459 
-0.5679152403509038 
-0.6926951695682796 
-0.4239296179801642 
-0.7536391216694955 
-0.8325573697754529 
-0.6986431646723418 
1.5412960293771212 
-0.7948963657267323 
-0.6599608365139643 
-0.6419759338046247 
-0.5022763060323728 
-0.6048381876692723 
1.5851075227872038 
-0.5987527481884537 
-0.6517868707159403 
-0.7145918977252128 
1.5297548532751157 
-0.6170595569360295 
-0.7399608089717626 
-0.7605923995268155 
1.5593328327858709 
1.5288649221251303 
-0.5247241212148486 
-0.4851577857360452 
1.4124019282669136 
-0.7881740375320082 
-0.7979045153060909 
-0.725790345415285 
-0.6611843124553102 
-0.9404421286789628 
-0.5390431405713353 
-0.6889634261652924 
-0.96078280670935 
1.3743377455305679 
-0.6820718930050439 
-0.7605003311486558 
-0.6860665151174135 
-0.6286867120934131 
1.5820930260651787 
1.4589599284074597 
1.568964910085287 
-0.6985595885880302 
-0.673066261462418 
-0.48722428014021046 
-0.8059792877809985 
1.5669994728700276 
1.3720817803476963 
-0.5099421910176002 
-0.7042617760575203 
1.4963567332579835 
-0.49252261985196 
-0.7584481134705391 
-0.7838542870604666 
-0.8471901500182888 
-0.6966751464879494 
-0.7266750369911377 
-0.596828979196144 
-0.487927316050012 
-0.49122372142478454 
-0.8062768767479608 
-0.64424079801528 
-0.7669510979315395 
-0.6837183891597858 
-0.5955437608307527 
1.364929449570723 
-0.5588106908696221 
-0.6733232674282433 
1.548803183614924 
-0.7800123210632748 
1.669918217753726 
-0.8371841230495144 
-0.6122141730853375 
-0.4696132887142762 
-0.7959868607350183 
1.5273666821527552 
-0.47285275921153636 
-0.6777422317751609 
-0.6409725190561777 
-0.39774305633812335 
-0.8023977711802501 
-0.5852014961290497 
-0.8218213281047654 
-0.6905337031292764 
1.7214256462763917 
-0.8710325851478103 
-0.6606318036381303 
-0.704176666996561 
-0.5594153055230447 
-0.561257749927612 
-0.672590957833587 
-0.7869355134116083 
-0.4741131591908112 
1.4921861557250702 
1.501923758215593 
-0.6327008650958236 
1.6417752254416769 
-0.4660879717819149 
1.5421247621983398 
-0.5904517499673481 
1.557012670190368 
-0.6553689548155354 
-0.5555475106098128 
-0.6276109884711464 
1.3067681466253693 
-0.8622250826057897 
-0.735155834909454 
-0.7432853876960613 
-0.6661014942941353 
-0.5929046980707157 
-0.6801783289732392 
-0.788446978986727 
-0.5168162662059511 
-0.7107197516533715 
1.6318420163273113 
1.587154854371394 
1.503359644952134 
1.5502531071414285 
-0.5518939761580257 
1.5991489319537053 
-0.5791149541764427 
1.5583711705122116 
-0.5864213542277665 
-0.5840428502426178 
1.5516337942523555 
-0.7015996048867754 
-0.6825598123688825 
-0.49346491157783734 
-0.7529572245091316 
-0.5733664167018486 
-0.3641809939749898 
-0.5975396675641195 
1.4467488338360983 
1.4606398979016453 
-0.5433565164914493 
1.7107006127643025 
1.4748160118413056 
1.3995384176882881 
-0.5673797257222912 
-0.7514857931211902 
-0.6197916747255001 
1.5692606663081798 
-0.520688756484402 
-0.682577276172175 
-0.4370859443930698 
-0.8084072811461882 
-0.7470178264585076 
1.5930292565093758 
-0.4091159389602279 
1.47139706411334 
-0.7266226165237218 
-0.5997434180052434 
1.5932904084823394 
-0.6658915728974979 
-0.6022571637220115 
-0.6778293830333665 
-0.7900113181894235 
1.636549653871971 
-0.7312824174020244 
1.4695402768822987 
-0.6281885266314017 
1.2938187517100348 
-0.4028536532126571 
-0.5222220677305012 
-0.8248586389735146 
-0.6768058288912059 
-0.5309929803738322 
-0.613362439494714 
-0.6242420995714549 
-0.6464204195413615 
-0.48345963358130595 
-0.5887981251581758 
-0.6212352809207987 
-0.6940764024717575 
-0.7064779663419377 
-0.4812688727887962 
-0.7967883546101808 
-0.4922942402498086 
-0.5644013537821314 
-0.6486517835804181 
-0.4246946543842663 
1.4812692834003651 
-0.6380995469948426 
-0.7810508521574484 
-0.7312839112071783 
-0.6607524791204493 
1.5122271836349939 
-0.7714451616689696 
-0.49849226594477214 
-0.7447134672650824 
-0.6765916571688868 
-0.5983068399098571 
-0.5908325624313822 
-0.7386518251048463 
-0.6760298224577118 
-0.6962801490018755 
-0.7196936394441662 
-0.5480309670746326 
-0.7665488167392963 
-0.6790695930783284 
-0.7892203003942541 
-0.659394192639061 
-0.9124931880819469 
-0.6170304307961109 
-0.7244051188230703 
-0.6731758772287385 
-0.9281919511885552 
-0.8177646717184904 
-0.7145100596011938 
-0.5601597107152946 
-0.38740176850315206 
-0.6554457737723236 
-0.7112795925889663 
-0.7756922962416081 
-0.697379761073041 
-0.6724184442623498 
-0.5516493070032713 
1.6743324240812416 
-0.6476573999029429 
-0.6059178174598439 
-0.4837611473709537 
-0.6354284007946843 
-0.6490790018571252 
1.48531275552381 
-0.5882921397343286 
-0.7188343261834209 
-0.6961409984390412 
-0.6749594339483981 
-0.642446514172362 
1.5339074635664711 
-0.49878782148631107 
-0.6123506690476552 
-0.7724624806912422 
-0.7951461298452276 
-0.7417496514409921 
-0.6596807835424751 
1.532489319967342 
-0.5443390068689242 
1.530181447159582 
-0.7384988595774682 
-0.7647801452781194 
-0.7177814936386955 
-0.6811425950868514 
1.348646886152866 
-0.7709966408553935 
-0.583537680255534 
1.4325319840819581 
1.459396889587741 
-0.7675210701670879 
-0.5907285823089672 
1.532645994744861 
-0.6409968290020327 
-0.672868744895196 
-0.6038537868219807 
-0.7660807482844829 
-0.3712460899378152 
-0.5110471631119922 
-0.6352068210425442 
1.3883694597832232 
1.4513807670358 
-0.556841516184432 
-0.6593619648726866 
-0.49301977986294965 
-0.7254682287188041 
-0.5411083885117822 
-0.5974026449540604 
1.3284690989651509 
-0.52648301461465 
-0.663195802248158 
-0.7640334529654369 
-0.4608562878852916 
-0.5413027675217734 
-0.738885849065702 
-0.7642462694222755 
-0.7544166702275519 
-0.5560255861921068 
1.5458193004814114 
-0.8397281813475233 
-0.7845637026417305 
-0.6296202947775468 
1.4195582658936339 
1.6474319092186753 
1.4103797182210134 
-0.8318092463087975 
-0.5687585207503963 
1.2886463214616632 
1.4142748547666744 
-0.7143610727183113 
-0.6289891106581926 
-0.5369581657996351 
-0.5970885280629649 
-0.743172622078638 
-0.5557957834501557 
-0.6261662979874373 
-0.6291622206826328 
-0.6830350508500875 
-0.7433798855999657 
-0.7948582836302859 
-0.5663698575151414 
-0.8357647362858216 
-0.531290778738382 
-0.5931132524649905 
-0.758603584769759 
-0.8005593686266308 
-0.5241726347373852 
-0.5771603399035392 
1.6134437554196084 
-0.6185550390689857 
-0.6216626563063045 
-0.6579224400423314 
-0.7295623203580975 
-0.6298734560502783 
-0.7964618972708258 
-0.6321792114827676 
-0.8772541547961706 
-0.6313669285723839 
-0.5912320636949513 
-0.6868147910921475 
-0.6093692376088841 
-0.6860248235990045 
-0.7085212301335118 
-0.6449185030251746 
-0.663378854575969 
1.6188733892865725 
-0.7339036523579598 
-0.6743940012213027 
-0.607950665559579 
-0.6655030472300872 
1.4780561393920264 
-0.7119704475517704 
-0.7157612740629202 
-0.49127879033408145 
-0.5802095190434144 
-0.6620787241789836 
-0.5258685354747291 
-0.6919397525093826 
-0.6927323393959278 
-0.44464811245752434 
-0.6609262869316146 
1.5565153842907808 
-0.5886164115756305 
-0.8265783253825445 
-0.9472572220374695 
-0.5450931698946504 
-0.9983284015831912 
-0.6855969004393198 
-0.5633411546499687 
-0.8061623142876849 
1.6392848311508668 
-0.6236274445299121 
-0.5298243498312044 
-0.5236270667259828 
1.5820607514348086 
-0.7022229175023075 
-0.45632172017362793 
1.6203707932191205 
-0.5447952509737303 
-0.8696837768399085 
-0.7065619797584262 
-0.7284637371134078 
-0.9167975922753211 
1.3966701640134844 
1.5372680380984314 
-0.6884206298602928 
-0.7397997785295953 
-0.7753498813145523 
1.5739799386009228 
-0.6239872498653665 
1.5252164693696943 
-0.7793761328540719 
-0.5627549383203674 
-0.4693648594964763 
-0.7244194021859036 
-0.5652711742138827 
-0.5400228902816502 
-0.8388788320517612 
-0.6888913103040366 
-0.891484809341743 
-0.740526394943063 
-0.578903802156376 
-0.7623654066364611 
-0.6901307156697585 
1.5814901152336995 
1.322150950194269 
-0.7470063472359703 
-0.5558999779626598 
-0.5749713990023709 
-0.8443324532527605 
1.2617386975557738 
-0.6740507601416802 
-0.6793009818664016 
-0.8290804878551643 
-0.6119196189187299 
-0.6920652773469339 
-0.7078723252224824 
-0.7474307935100912 
-0.7427286339250467 
-0.7361404080496725 
-0.7293250562464573 
1.45547585814649 
-0.7714791274021772 
-0.8019038863613197 
-0.45825557016551854 
1.3051205282817215 
-0.49725538484066867 
1.317730728387547 
-0.8719157104794231 
-0.7954144568942688 
1.627083530199576 
-0.7305079041511845 
-1.0272009183196364 
-0.6312386824686331 
-0.540894143345557 
1.5561636492944488 
-0.7720590443713051 
-0.49932470841191634 
-0.6511869952946551 
-0.8332457264840903 
-0.8406890136190756 
-0.733535648978917 
-0.6206202562608727 
-0.8187648142344793 
-0.817807988776049 
-0.7811808112164514 
-0.727069793847854 
-0.6769908945537502 
-0.7286073803164805 
-0.6925642459060879 
-0.45801889441296284 
1.431239946939995 
-0.711796184851504 
-0.7590267347052072 
-0.5684606653765772 
-0.6715584390551717 
-0.6218319832090607 
-0.5022452598758157 
-0.6533938660801906 
-0.6066789650163916 
-0.7032028622785103 
1.5505643715570046 
-0.8829518975425412 
-0.7549165717654998 
-0.6491504869447309 
1.4489426091642783 
1.3387405566139534 
-0.7194435696159529 
-0.6119687249694495 
-0.6552566257478645 
-0.5977521481391274 
-0.5348228337081296 
-0.37886091640206565 
-0.8547019854868083 
-0.6309335358153702 
-0.6130925555699012 
-0.8168423909772581 
-0.7405111416484553 
-0.7443209402208147 
-0.5044548796413538 
-0.6366128254961906 
1.4606672120916147 
-0.7815866426061087 
-0.6187174589634707 
1.5703993711545081 
-0.6883789968651095 
-0.7131310388225567 
-0.6032436646434786 
-0.7368868647457045 
-0.7394155454759813 
-0.561989034728142 
1.449543647023817 
-0.8478704992331514 
-0.828564793867541 
-0.6348025750118104 
-0.6218718250182286 
-0.6786162927895631 
-0.7535828541069172 
-0.39590033615253917 
-0.6476293218462175 
-0.5848899986753912 
-0.5532135149610392 
-0.7388571067696128 
-0.755193569042716 
-0.7512348942329004 
1.3941867715861727 
-0.4092717751185486 
-0.9449239251511892 
1.5715793433827396 
-0.624500413197731 
-0.768219123848737 
-0.6399181701865868 
-0.5953337085347019 
-0.5808190445183455 
1.4027950524487396 
-0.7113578159432264 
-0.8905211250918903 
-0.720468793383745 
-0.6486923950579936 
1.5985435566207433 
-0.7040688895610901 
-0.6056507690826506 
-0.6301001496656613 
-0.873592125921559 
-0.6204004696397218 
-0.782354459956338 
-0.7772077686262071 
-0.5679170434788299 
1.7004325183761917 
-0.6182165569613484 
-0.5894305748447017 
-0.7144512547833463 
1.585479696255246 
-0.8098617066117105 
1.7011429441877106 
-0.7535060036370097 
-0.5558980377393674 
1.6482209849709994 
-0.6790040316261781 
-0.7909014195289944 
-0.5757242846591514 
1.6393283389437987 
-0.7559384466042254 
1.4152344098943126 
-0.746311906007677 
-0.6468917293181802 
-0.4876928606165143 
-0.6546577994846565 
-0.5969746013289905 
-0.713411697748775 
-0.563988025357762 
1.5699896736602537 
-0.6913901565334086 
1.3419541212619719 
-0.6839317057421996 
-0.5691440519848756 
1.4251938063789342 
-0.5139932567652113 
1.7224752229271394 
-0.7066911704982454 
-0.6721434612504841 
-0.5558911722529437 
-0.7293785360225475 
-0.666785915883909 
-0.6790726370736632 
-0.5242327395322857 
-0.8269579907210582 
-0.29496280709817047 
-0.7646537833580533 
1.642995596826211 
-0.6606260359072814 
1.5284786498424112 
-0.706959425123029 
1.6567321416745378 
-0.6503747967023622 
-0.6496147350046066 
1.5783886118893815 
-0.6297456119542478 
-0.6428986234677276 
1.7166857352401805 
-0.6331235741639536 
-0.8309338004440923 
1.4775056476927568 
-0.7216192192198045 
-0.7624168268526068 
-0.8707517532518035 
1.567402502366355 
1.5200443423396577 
-0.5569878526049039 
1.3921097853707805 
-0.5282470633706119 
1.5002627194564315 
1.519541417301549 
1.6012597143194633 
-0.5088464386950213 
-0.8575351130156276 
-0.8147437954797344 
-0.6943661742470307 
-0.6177963629890998 
1.5118131240571757 
-0.6600221912413523 
1.5064316403002045 
1.4317806673775846 
-0.7034580766876751 
1.4228481269946958 
-0.6906075743064056 
-0.7739185318937221 
1.4470372934429 
-0.6922140876328714 
-0.886318416693846 
-0.6077396159234052 
-0.4813080248359031 
1.5514197935244851 
-0.7148551246621229 
1.5299895619535224 
-0.6617407980184918 
1.6325830046671355 
-0.978043713137 
1.4501293871055545 
-0.6972592938837977 
-0.5756836736782226 
-0.6333518031399672 
-0.6934192362839021 
-0.5618491473657441 
1.2049907505053918 
-0.5751482447731283 
-0.6297479155039628 
-0.6585363386704731 
-0.6626701515742035 
1.5656967600821419 
-0.6415104147228712 
-0.7664644819992871 
-0.7375854363296825 
1.576019020856284 
1.5448877673538792 
1.4628692697810761 
-0.7687564909152707 
-0.7194014203285063 
-0.5250304719065244 
-0.6496643761600716 
1.3763968659627583 
-0.5065388106659882 
1.5257250699800609 
-0.571065858582193 
-0.5292703947384686 
-0.6760927684072568 
-0.7661606337650705 
-0.6925426099953925 
-0.5632816965802103 
-0.8154066200269257 
1.4140091482208303 
-0.6216271876223767 
-0.7810708450802858 
-0.6801713277545781 
1.7465927499924148 
1.498631378979304 
-0.7049287048459348 
-0.6753717968410158 
-0.7923291554746059 
1.5822644064977678 
-0.5213823818429426 
1.5565616768580508 
1.5203563969253788 
1.5896703113299717 
-0.675079619937972 
-0.6115892285167077 
1.4412746158315115 
-0.7305944178139966 
-0.6101273378818646 
-0.6358984754631597 
1.4496872153788327 
1.366038239810002 
-0.7607202155183453 
-0.6315572044973845 
1.4308072473511302 
-0.7519712680161676 
1.4195358153430506 
-0.6961333732471214 
-0.7809636160179732 
-0.6075990576137111 
1.5551291884471876 
-0.5404156755913736 
-0.6605228691958985 
-0.6116776010475893 
-0.79117077097824 
1.5028357534795205 
-0.7657931958964752 
-0.523081781209294 
1.5910631384894511 
-0.7162891964307407 
1.5959670798003807 
-0.5701598660291398 
-0.8182136919425272 
-0.6294122878196724 
-0.6779807914986645 
-0.7707673158348815 
-0.8128690810607522 
-0.8679006315233169 
-0.526155500427829 
-0.8704758713722982 
-0.5198646385709584 
-0.8160160228729141 
-0.6731420070686936 
-0.6983396200269049 
-0.46411219948852156 
-0.6945207724719547 
-0.7002073363336483 
-0.58893229352797 
1.608449776794779 
-0.8981155625513145 
-0.6321171494470084 
-0.4587821543531878 
1.423597735906827 
-0.7408443499970099 
1.6114144250670723 
-0.5808832357515609 
-0.5473636428126045 
-0.5690407988865154 
1.4579643263605429 
-0.6267997906659792 
-0.7082268951400947 
-0.6195425536296653 
-0.7770697689909406 
-0.5667584296235763 
1.5728335057737108 
-0.5753160536275902 
-0.8137403307752856 
-0.6559506319684633 
-0.6627025718035989 
-0.6565298716516725 
-0.6983253078902579 
-0.5536679065490517 
-0.6477522660732423 
1.5499534078109636 
-0.6809009611091444 
-0.8119280911714983 
-0.5474119611421696 
1.50742213251943 
-0.6363207977645129 
-0.7911996501668702 
-0.575430418797616 
-0.8039077377880374 
-0.7919404863538753 
1.4478389052711254 
-0.7815961238676021 
1.5837234605657007 
1.515968633153106 
-0.6125035292525268 
-0.47434183092854876 
-0.6880451613743207 
-0.6684528426838536 
1.6062561454315831 
-0.7122273615432837 
-0.7404139141207275 
-0.5283503321178551 
-0.8417062211215472 
-0.5884050104497276 
-0.5013162888649949 
-0.5771493598058401 
-0.6752683910896525 
-0.7728600657101837 
1.5131590501362997 
-0.6243847822530646 
1.516193310924527 
1.7326285516687285 
-0.7335410502899414 
-0.5018168114657001 
-0.5899604038800821 
1.367104196482288 
-0.5497074986706512 
-0.4867229962324888 
-0.5573077173823169 
-0.6520819720811514 
-0.5513722870032004 
-0.7555392513943924 
-0.8486671673564302 
-0.893480926909522 
1.5836643338361587 
-0.5486193123163368 
-0.44744761234753716 
-0.5198256701137153 
1.5176779096095496 
-0.6646595132464668 
-0.9569433421807063 
1.352993217688978 
-0.5998811720525444 
-0.5596938791490877 
-0.740953037033964 
-0.6545501489595067 
1.5548053212810966 
-0.6526136429875729 
-0.6985048024917596 
-0.5513016076259847 
1.569884868883429 
-0.7142036920612819 
-0.7389796512172023 
-0.6221647047550208 
-0.7667229012887558 
-0.8012578122594307 
-0.7030086893680334 
-0.6217899919451098 
-0.4298628831235569 
-0.6288426069597567 
-0.9110016482849823 
-0.6601040977115779 
-0.7388568826770436 
-0.7152997086309755 
1.6267736377447533 
-0.7784273179735666 
-0.7519261468849265 
-0.6320794056132999 
1.6045406688129336 
-0.5093492624357581 
-0.7903679265658848 
-0.7452215088767934 
-0.7346518905370528 
-0.6423207171285565 
-0.7597676855183286 
-0.5680482231623213 
-0.7063407343661601 
1.4733244483575907 
1.2646274092157745 
-0.5808979318366544 
-0.8004531690714723 
-0.5749353444035504 
-0.6813757930547439 
-0.6222279239327734 
-0.7800696217473699 
1.5182515422003917 
1.533292912876728 
-0.7169320016777335 
-0.6497682407176566 
1.5407204181419158 
-0.8149160520060591 
1.468636842188017 
-0.5565857154626123 
-0.6639581664758033 
-0.6106067372445663 
1.4852826825586014 
-0.5646784916197871 
1.5515054382296862 
1.5605199583376286 
1.6816227561173096 
-0.6622672880014777 
-0.6501115528849679 
1.3921764944393638 
1.5785070085892872 
-0.7285216734154667 
-0.5139945054439519 
-0.661892419817129 
1.5474754822508903 
-0.538402538134807 
-0.5671697121325799 
-0.6082088755133331 
-0.781276783192487 
-0.6695988904850952 
-0.7481721512720558 
-0.672174079082154 
-0.6554285131509359 
-0.7669890434908258 
-0.6933984512875438 
-0.6530424425525292 
1.424304476823796 
-0.6092174444996118 
-0.776635848470665 
-0.5899473608162931 
-0.4664333178873402 
-0.7589991624995002 
-0.8024211806811755 
-0.7040265395042331 
-0.7555610180342991 
-0.8432829032057467 
-0.8750878046032619 
-0.49341215245232284 
-0.7912078474805904 
-0.6712016219044749 
-0.42069621517505484 
-0.671189907978659 
-0.8800443011047069 
-0.850227481840064 
-0.660610568186855 
1.6162473612854054 
1.684098000016123 
-0.6319713908794666 
-0.8961890273617074 
-0.6408565298558812 
-0.7511879073693354 
1.6184512381557696 
-0.6684672336341959 
-0.6056194820842803 
-0.764907910169422 
1.5823652722068366 
-0.6445041495985836 
-0.6184951172570777 
-0.7666261818707014 
-0.8180749529822514 
-0.765858029730377 
1.4433062036098927 
-0.8220834629458512 
-0.8655540094788 
-0.6219676650163226 
-0.5777034859363931 
-0.6571330360723102 
-0.7476648123345812 
-0.595534681466372 
-0.6672738595595397 
1.440557867904911 
-0.8202812135812595 
-0.7344799242660491 
-0.6701096069893522 
-0.5683121117406889 
-0.6441983579626331 
-0.6596474624235945 
-0.8081074903110604 
-0.6255543809216204 
1.2138060811069098 
-0.6691519334780683 
1.5017577602213585 
-0.36621434600226943 
-0.5654141994559949 
1.4006838462704632 
-0.5989189385584852 
-0.6027995639311003 
1.5037441422401776 
-0.8756147003546282 
-0.4487016422446247 
-0.3647786417497844 
1.4669927548205466 
-0.7168944776361524 
-0.820660276603286 
-0.6915650732889513 
-0.749536487834045 
-0.7270319091281804 
1.629243911536743 
-0.5084802905644972 
-0.9331619792393558 
1.4948988905196725 
-0.6826130517343749 
-0.6987576345561501 
-0.6460649452314251 
-0.661777620862296 
1.6386979189748392 
-0.7911256445039497 
1.5780968720382462 
-0.8488685499526575 
-0.7827488122571488 
-0.7151086025039675 
-0.6398062081917654 
-0.576064126550178 
-0.8827933926968015 
-0.5326726543711785 
-0.5623565847927552 
-0.5186010669528222 
-0.6582168111828158 
-0.8075679909710131 
-0.5498136725715496 
-0.6899986318697231 
-0.7053969557652564 
-0.5834644466184262 
-0.599266685428758 
-0.6844464683345868 
-0.7130598395385035 
-0.7592595446139359 
-0.6775888462205931 
-0.9245773039389911 
-0.7356137317465424 
-0.531973087240551 
-0.7727497292985432 
-0.7818388303248202 
-0.7269443525762576 
1.5564574727134075 
-0.756211498579031 
-0.665439127794689 
1.453399641883607 
-0.6599713900016048 
-0.6348761758245165 
-0.6927274113772136 
-0.5542605914587673 
-0.7458497618242869 
-0.5702294235048714 
-0.6886489177360223 
-0.7226958201438213 
-0.5549712467160819 
-0.6702249864511631 
-0.6636622718519487 
-0.7919851205140804 
-0.9009684547523767 
-0.6354021999843111 
-0.889749598528573 
-0.8452536824975847 
-0.5164313581112494 
-0.7069474118274415 
-0.7333209010150452 
-0.6909796524276972 
-0.6163275954699712 
1.5918702904460702 
-0.5539558794283564 
-0.6636132645689057 
1.500842355813255 
1.4392428678414733 
-0.7883499131084118 
-0.6133260781967378 
-1.0849422038880268 
-0.9011099720167819 
-0.5878280144229924 
-0.6010495350419722 
-0.5596867861340565 
1.6117179512885285 
1.4500833336822245 
-0.6430239572448246 
1.5983027712509512 
-0.7675394559851145 
-0.7579926856612342 
-0.760142727703591 
-0.5530882989195739 
1.418965625526973 
-0.6644532151431253 
-0.632396834019698 
-0.797116678976836 
-0.7408298457441229 
1.45819895879097 
-0.5495386248934572 
-0.5379039465551099 
-0.8041313734999075 
-0.707950137645111 
-0.5860793477436035 
-0.5335415840741001 
1.3090603858625491 
-0.605989901488983 
1.3540693600046392 
-0.8565317684780565 
-0.570930191943589 
-0.8361617358051106 
-0.8348646249936206 
-0.612956025752946 
-0.4352545670050715 
1.5371221623775575 
1.4238739115786385 
-0.6611298243125386 
-0.959387438932398 
-0.6837911502692878 
-0.5272074820934786 
1.4463221947284532 
-0.7246129616133804 
1.4505564149433 
-0.5520717946660542 
-0.6617285276863092 
-0.8412540765067541 
-0.6447074792336587 
-0.4485934666460733 
-0.703293343421219 
-0.5433365224617859 
1.5016530712068428 
-0.6358787463896661 
-0.5333902577964096 
-0.8230049900920957 
-0.5586252889590433 
-0.6608459428623794 
-0.8845714160390827 
-0.6358553432871668 
1.4900915297021813 
-0.4700395230272541 
-0.6897334026468833 
-0.6077375246636503 
-0.6920704640742571 
-0.6973280641111554 
-0.526743272468327 
1.4017995245546109 
1.418109846051442 
-0.6901321397936754 
-0.44127056155912303 
-0.6347971347197157 
-0.8158250068654133 
-0.6883689285627395 
-0.499653855529663 
1.4464258897167555 
-0.5905508669786929 
-0.43491667191496486 
-0.5992532282708092 
-0.6717299275137798 
-0.6999388771406467 
-0.6874506278406374 
-0.7410796137059077 
-0.6433658003564927 
-0.9619263088053498 
-0.6220712791329415 
-0.7274737025717182 
-0.8728244702743849 
1.6090330558136512 
-0.6837563970899541 
-0.6091385310860652 
-0.6009897200339519 
1.5621633234363994 
-0.7312817320807358 
-0.6843528564732473 
1.6153295568893085 
-0.7367578406997405 
-0.7660268320859612 
-0.8251464794529871 
1.5436533737278646 
-0.6848853971756171 
-0.6005229973249311 
-0.5988637247931896 
-0.768249636886895 
-0.754862097200832 
1.6418517697384132 
1.5335816307265362 
1.5901339727623276 
-0.7512848338452837 
-0.7205506109112032 
-0.614056811855895 
-0.6102036524641794 
-0.6478129477123414 
-0.603331760757902 
-0.6285995559101465 
-0.6075130497390809 
1.7053568268025934 
-0.6330617837641486 
-0.556081514741742 
-0.6149718983723865 
-0.698972104607982 
-0.8658634193591126 
-0.6285091096182276 
-0.6970043763437516 
1.454705334434313 
-0.7884609668597053 
1.3830080480563156 
-0.7502365879678099 
-0.6867354684769774 
-0.7526153006239856 
-0.6689889657811704 
-0.7824691291804258 
-0.58686361717854 
-0.6224274195541629 
-0.6194301562951987 
-0.6648044524942249 
1.4524164434137548 
-0.6963571183076428 
-0.7590389681851224 
-0.6080167158404626 
-0.4971690210227814 
1.4684099739586487 
-0.6587255927634009 
-0.6320043937377793 
-0.4681744296503379 
1.766344642063676 
-0.8920923487291609 
-0.5365048018665621 
-0.5493364097465575 
-0.8217546619852314 
1.5193551494691986 
-0.68403371512307 
-0.6268893613306795 
-0.7691203563123222 
-0.5762936313029348 
-0.5838873137189056 
-0.7416122749430019 
-0.8479146388541821 
-0.6710184264956921 
-0.5249002172053421 
-0.5827433275729277 
-0.6765758832617641 
-0.7540372091712225 
1.3810418621568648 
-0.6427388160449936 
-0.7737182162753706 
-0.7646307652570803 
-0.6908823080797953 
-0.5712754659821183 
1.4592969138424177 
1.6497119379289353 
-0.6735210193374167 
1.4976595955143193 
1.4967289418267706 
-0.674216276447474 
-0.46232171968353736 
-0.612088727177342 
-0.6955884255739881 
-0.829498575924805 
-0.5326958542852019 
-0.5548943410170508 
-0.425406809191455 
-0.8221180497337551 
-0.45535130349172614 
-0.6402787934820351 
-0.7962059742702925 
1.4462519124027944 
-0.6093504539217406 
-0.5659764588578631 
1.3987942516454752 
-0.6476877646837019 
-0.6360395596226855 
-0.7456627052339161 
1.5176160319066236 
1.3168951478395445 
-0.6232995294476161 
-0.34074478692219057 
-0.6337894527538179 
-0.8165202114895407 
-0.7343849696243949 
-0.6141496626757075 
-0.7101406477290986 
-0.6549348114684858 
-0.6086417298261989 
-0.768003937222731 
-0.5263963746045645 
-0.8157319254208915 
-0.7823521036785829 
-0.7190267812324977 
1.167330629130658 
-0.62730125607621 
-0.5841892674641556 
-0.7570916061083315 
1.6150841867944865 
1.5954887894517047 
-0.7239171030033613 
-0.6704168626507224 
-0.6474984181351975 
-0.6769716923151201 
1.6099485896987922 
-0.7021060974336417 
-0.6356674464835479 
1.529585348567799 
-0.747662932922825 
-0.6151941184027545 
-0.7295244636947332 
-0.751844030633264 
-0.7555643118730303 
-0.48888613600347264 
-0.7441364471536858 
-0.7114639187567476 
1.7549719949972338 
1.3761309883619426 
-0.7037815016391233 
-0.7255721956462391 
-0.9393036020554488 
-0.6483411696808808 
-0.6295732023767768 
-0.8722542874908701 
-0.42674475390348976 
-0.5468001410176959 
-0.6649473059812177 
-0.703082322535034 
-0.5066409864818247 
-0.8534937889965253 
-0.5380501013555825 
-0.7677581924457357 
-0.8306596397442734 
-0.7468349474307903 
1.4066949996424496 
-0.7245810482266928 
-0.49872174648117923 
-0.49905619051018635 
-0.8307825207584709 
-0.7054541034315293 
-0.7034576752591034 
1.428503706620244 
-0.7217107297946461 
-0.8656364876502669 
-0.705213459691817 
1.4236480073775883 
-0.5394455777451632 
-0.6604211845086397 
1.6606885146579242 
-0.7918501240273779 
-0.5988729689754977 
1.6622918874415578 
-0.7182070886540427 
-0.6308427814438224 
-0.6349787616115864 
-0.7035827725055278 
1.69140470996927 
1.3876247559302999 
-0.5923592866418792 
1.4546524406551273 
-0.5495157124703646 
-0.6117539467894728 
-0.7270560019019171 
-0.5848612820573748 
-0.6625904969028498 
-0.7303403927481945 
-0.5728707061513398 
1.412500284072575 
-0.6677506908201406 
-0.7030720443222886 
-0.682681140134515 
-0.544524797919752 
-0.8902244223760317 
-0.46674946425786135 
-0.5002922746391341 
-0.5393448930889437 
1.537237410303006 
-0.7402810911525802 
-0.5195677453506579 
-0.6335641966249802 
-0.523128481313947 
-0.6581197624626905 
1.6955709058465203 
-0.7324633715051633 
-0.5750398946288948 
-0.5794740925656295 
1.417199237391127 
-0.8632238547870403 
-0.5744212907184254 
1.5423375460050646 
-0.8300545677117643 
-0.6499508226738626 
1.6159601039886176 
-0.5951763781212749 
-0.7088492297833802 
-0.7747901922301685 
1.370989922778918 
1.5244333968367607 
1.4991285200347793 
-0.7926175224487774 
-0.6336108019945381 
-0.6178201275229028 
-0.7137925062978104 
-0.8111510810106451 
1.3712072819218224 
-0.76211735240392 
-0.3593156698585337 
-0.6587033858145069 
-0.5469723149771536 
-0.6671116332469386 
-0.6416387267214629 
-0.5258775141482503 
-0.6769195502241311 
-0.5388547907207832 
-0.9591378459894988 
1.665894761450643 
-0.5132903556046607 
-0.7546950287897514 
-0.4655005956670405 
-0.58500763812306 
1.4140522784533522 
-0.8022478523702563 
-0.8250312565139608 
-0.6049457706663979 
-0.954769208180841 
-0.8537681132257716 
-0.49962485281646707 
-0.7522118220283855 
-0.74097427411018 
-0.5151575994487199 
-0.5765920386050932 
-0.5103618744502622 
1.4341008437565947 
-0.7060592115818644 
-0.6883067590581453 
-0.8341369410353227 
-0.5185789960050258 
-0.5256177210512181 
-0.5679567029008037 
-0.7328133454025572 
-0.5727397825016549 
-0.5438115170358399 
-0.7566304911555721 
-0.46798592419353896 
-0.6014489338369668 
1.6225175419148672 
1.3621595517885594 
-0.6453939205926051 
-0.6097780745068836 
-0.7370160708221953 
-0.7818917379740149 
1.4230294430773263 
1.5132410099224987 
-0.624895252286091 
-0.7674478786384098 
-0.6545197125820604 
1.3841322591386311 
-0.6446059337159202 
-0.49625985516171345 
-0.7693040778760513 
-0.6662622287310382 
-0.541505181324831 
-0.8044318085401618 
1.6297833081488906 
-0.7357680948038621 
-0.5722021323922735 
1.6224130738104992 
-0.7382732070458026 
-0.7532805489336326 
-0.6438320109071827 
-0.6247486560599509 
-0.8268044867986082 
-0.6260704329953264 
-0.8990438218923886 
-0.6024030753516428 
-0.6572641540667107 
-0.47617217486341634 
-0.5351001663379166 
1.584686703522542 
-0.7490092595438429 
1.5157413750022573 
-0.7085634388706454 
1.56005732635157 
-0.6000654955874775 
-0.6759702063499294 
-0.876261251703496 
1.5250895554503257 
-0.8994492040623098 
-0.5882645083163286 
-0.6371412584310674 
-0.6516261322816076 
-0.832392102491073 
-0.7015510454598334 
-0.8137796280192555 
1.5879049774134475 
1.4217240504843485 
1.69867843559035 
-0.4871281437027748 
-0.7250527209671596 
-0.8025884316824958 
-0.6826800765168445 
-0.5436086829793628 
-0.8269390697485817 
-0.6801097728510537 
-0.7166057611060062 
-0.6825369752767017 
-0.501543619070794 
-0.5484689773127289 
-0.8099018341460431 
1.4440979308891944 
-0.563451612676453 
-0.5767371233467105 
1.658989280460939 
-0.6751410308369314 
-0.6671410795011959 
-0.7083312374196084 
-0.5306048503170755 
-0.7215799470495696 
-0.6699020059074606 
-0.7713230706564121 
-0.5633777304600408 
-0.7899091129405557 
-0.7537128141138429 
-0.6227215424593683 
-0.7812497593306683 
-0.7098094804592867 
1.5944533741078613 
-0.6651866439189212 
-0.4397851118593538 
1.4269520981635142 
1.6679783813119788 
1.505543653338929 
-0.6685095373206313 
1.5166737191266308 
-0.5568664094929926 
-0.6909225564386848 
-0.7222823772938509 
-0.7064188107622582 
-0.7713325199076628 
-0.5806307338529921 
-0.7525098620456183 
1.4736108484476307 
-0.4317458266989169 
-0.6768842855084273 
-0.7857829433069221 
-0.7126029196932052 
-0.7164034462546058 
-0.846708681049329 
1.4804564843432957 
-0.5410315974432305 
-0.7066680490608056 
1.5021392032595273 
-0.6512311804187397 
-0.5682639207111178 
-0.5677523143377605 
-0.6719573641517992 
-0.7650204335086653 
-0.8569797473760828 
-0.5369961921600108 
1.3555846614523333 
-0.7000233517287371 
-0.6420982696592271 
-0.6239857158271339 
-0.8811794897025145 
-0.7264519947529227 
-0.6348340071004698 
-0.7267495914656379 
-0.8359499668259049 
-0.7622204615863113 
1.3633142205171453 
-0.5127702281315288 
-0.5140161654699545 
-0.6034786092757736 
-0.587474524266634 
-0.7247990983579153 
-0.7434674357756685 
-0.6295370772714024 
-0.4161265167306693 
-0.6409366657115632 
-0.5751032382748458 
-0.7906462282816102 
-0.7249992848683299 
-0.48860815411321756 
-0.5439107679192507 
-0.5057689500826558 
-0.688547553439612 
-0.7369780447091014 
-0.7580395967769462 
-0.7379056866489626 
-0.7575425769417674 
-0.774343045455431 
-0.6227607675335123 
-0.7375774332921817 
-0.9507305875103064 
-0.5828787046437788 
-0.47599288082461044 
-0.7265326698497294 
-0.6897130377699476 
-0.529047533682818 
1.4862337085796178 
-0.6967810862667815 
-0.7400772220708354 
1.505239858368845 
1.5205240669845912 
-0.7712768173573767 
-0.5707500599552933 
-0.7986871695624268 
1.4828544518388003 
-0.6340967177121181 
-0.5347310579848574 
-0.8590243897547192 
-0.8686586352181489 
1.5936713850126816 
1.4675335021518519 
-0.6238231918788238 
-0.645947524453004 
-0.5170503744289205 
-0.6250395475410838 
-0.725449550635926 
-0.5153010000917395 
-0.3091100212647104 
-0.557550523680413 
-0.6675952164205812 
-0.6647904871494944 
-0.7975842401693163 
-0.7582505566387145 
-0.7604247048168707 
-0.6596282368161175 
-0.6070261931072457 
1.3705373372009573 
-0.7504937758352048 
-0.7310522134502986 
-0.7306727111708176 
1.484879049016472 
1.5055487563419698 
-0.7645020981314824 
-0.7079054121004145 
-0.6362008935747946 
1.5346982647013827 
1.5122028798698528 
-0.8349795173162962 
-0.7022497210454846 
-0.6203162945065178 
-0.7171450639341228 
-0.4507367920500474 
-0.6754749018672077 
-0.6571841474909135 
-0.7506642598594041 
-0.5728961376892944 
-0.6812318907978158 
-0.5024670543333456 
1.6539555583885868 
-0.7146979551427555 
-0.7021216544744835 
-0.6932233722669335 
1.522147318911885 
1.563580713676862 
1.3510356520934157 
-0.5608849114403871 
-0.5090108537134018 
-0.8313854740861951 
1.4499649272687336 
-0.6454694221657367 
-0.5375141818278132 
1.7271860597643842 
-0.5276605723576433 
-0.595896183614831 
-0.704495154335222 
-0.7688965962257232 
-0.5451916680712494 
-0.6058525406972791 
-0.5717013727108945 
1.5533002326235443 
-0.6910256795483007 
-0.6453660257313026 
-0.5826113519132897 
-0.5674211915113004 
-0.5114225088143038 
-1.0379395230949386 
-0.4894781982373402 
-0.686935437082313 
-0.6945486595417752 
1.3386651265917813 
-0.6564846019399301 
-0.6118623200732183 
-0.7049418709192262 
-0.6139557948184062 
-0.433591752589682 
-0.6358570839841886 
-0.6619775009919323 
-0.6975316417357456 
1.5608552560939821 
1.6399863580592238 
-0.46296877587936947 
-0.41441513822074516 
1.4790279578692749 
-0.728158869741322 
1.568002278264139 
-0.3566970554435956 
