 -0.18  -0.57
 -0.29  -0.68
 -0.51  -0.50
  0.00  -0.38
  0.15  -0.68
  0.01  -0.45
 -0.17  -0.24
 -0.32  -0.74
 -0.07  -0.45
 -0.13  -0.34
  0.06  -0.72
  0.17  -0.43
 -0.24  -0.53
  0.26  -0.73
 -0.15  -0.38
  0.33   0.00
  0.07  -0.01
 -0.89  -0.02
 -0.08  -1.16
  0.46  -0.88
 -0.00  -0.15
 -0.11  -0.02
 -0.25  -0.18
 -0.09  -0.94
 -0.12  -0.49
 -0.23  -0.42
  0.22  -1.27
 -0.10  -0.21
  0.76  -1.05
  0.23  -0.01
 -0.28  -0.40
 -0.02  -0.17
 -0.16  -0.76
  0.08  -0.43
  0.15  -0.51
 -0.38  -0.55
 -0.12  -0.24
  0.05  -0.07
  0.04  -0.19
 -0.35  -0.46
 -0.46  -0.65
  0.18  -0.65
  0.22   0.28
 -0.37  -0.20
 -0.94  -0.01
 -0.44  -0.01
 -0.51  -0.46
 -0.16  -0.85
  0.14  -0.34
  0.08   0.01
 -0.16  -0.38
 -0.35  -0.21
 -0.26  -0.44
 -0.56  -0.65
 -0.30  -0.88
  0.08  -0.48
 -0.16  -0.15
 -0.04  -0.28
 -0.56  -0.82
  0.31   0.01
 -0.05   0.06
 -0.03  -0.04
 -0.26  -0.44
 -0.09  -0.28
  0.14  -0.31
 -0.14  -0.49
 -0.11  -0.92
  0.47  -0.63
 -0.47  -0.58
 -0.08  -0.05
 -0.18   0.09
 -0.30  -0.51
  0.19  -0.41
 -0.39  -0.21
 -0.22  -0.51
  0.07  -0.86
  0.14  -0.27
 -0.12  -0.53
 -0.28  -0.29
 -0.18  -0.36
 -0.07   0.23
  0.11  -0.13
 -0.44   0.29
 -0.00  -0.20
 -0.01  -0.64
 -0.09  -0.61
 -0.25  -0.42
 -0.57  -0.33
 -0.13  -0.18
 -0.56  -0.04
 -0.37  -0.37
  0.16  -0.47
  0.33   0.10
  0.23  -0.59
 -0.47  -0.25
 -0.06  -0.74
 -0.21  -0.55
  0.21  -0.43
 -0.30   0.24
 -0.11  -0.78
  0.07  -0.84
  0.09  -0.60
  0.20  -1.31
 -0.52  -0.58
 -0.14   0.08
 -0.32  -0.42
 -0.34  -0.07
 -0.02  -1.01
 -0.47   0.01
  0.13  -0.43
  0.02  -0.02
  0.09  -0.40
 -0.14  -0.54
 -0.09  -0.55
 -0.38  -0.32
 -0.01  -0.86
 -0.07  -0.34
 -0.72  -0.12
 -0.31  -0.49
 -0.29  -0.23
  0.41  -0.72
 -0.04  -0.38
 -0.46  -0.57
  0.35  -0.23
 -0.16  -0.57
 -0.20   0.28
 -0.64   0.03
 -0.31  -0.06
 -0.35  -0.31
 -0.13  -0.63
 -0.57  -0.52
 -0.76  -0.88
 -0.31  -0.72
 -0.43  -0.30
 -0.09  -0.17
 -0.20  -0.41
 -0.81   0.05
 -0.14  -0.11
 -0.23  -0.53
 -0.13   0.08
 -0.38  -0.33
 -0.30   0.00
 -0.11  -0.51
  0.11  -0.92
 -0.23  -0.25
  0.19  -0.76
  0.06  -0.72
 -0.02  -0.62
  0.05  -0.54
  0.03  -0.29
 -0.32  -0.36
 -0.65  -0.47
 -0.33  -0.32
 -0.45  -0.08
  0.22  -0.28
  0.26  -1.13
  0.13  -0.04
 -0.02  -0.14
 -0.05  -0.30
 -0.58  -0.55
  0.16  -0.69
  0.22  -0.59
 -0.26  -0.57
 -0.14  -0.63
 -0.28   0.33
  0.04  -1.12
 -0.37  -0.67
  0.21  -0.23
 -0.13  -0.46
 -0.59   0.15
 -0.39  -0.36
 -0.28  -0.00
  0.36  -0.38
 -0.31  -0.36
  0.24  -0.52
  0.09  -0.24
 -0.02  -0.67
 -0.27  -0.30
 -0.29  -0.78
 -0.38  -0.22
  0.08  -0.54
  0.21  -0.51
 -0.39  -0.62
  0.16  -0.05
 -0.53  -0.75
 -0.33  -0.46
 -0.31  -0.95
 -0.59  -0.32
 -0.33  -0.25
 -0.36  -0.69
 -0.56  -0.00
 -0.15  -0.71
 -0.48  -0.17
 -0.06  -0.54
 -0.36  -0.88
 -0.06  -1.07
 -0.20  -0.26
 -0.15  -0.43
 -0.44   0.08
  0.08   0.02
  0.25  -0.47
 -0.02   0.13
 -0.43  -0.17
 -0.03  -0.85
 -0.51  -0.43
 -0.77  -0.29
 -0.45  -0.55
 -0.43  -0.04
 -0.43  -0.76
 -0.35  -0.47
 -0.25  -0.46
  0.04  -0.77
  0.47  -0.53
  0.12  -0.90
 -0.26  -0.84
 -0.04  -0.26
 -0.06  -0.41
  0.16  -0.71
 -0.17  -0.65
 -0.55  -0.18
  0.13   0.19
 -0.52   0.11
 -0.88   0.01
 -0.37  -0.79
 -0.08  -0.62
 -0.16   0.15
  0.33  -0.98
 -0.33  -0.31
 -0.27  -0.11
  0.05  -0.16
 -0.70  -0.48
  0.07  -0.60
 -0.29  -0.24
 -0.10  -0.46
 -0.16  -0.31
 -0.51  -0.17
 -0.15  -0.34
  0.07  -0.28
 -0.40  -0.32
 -0.05  -0.58
 -0.48  -0.66
 -0.32  -0.23
 -0.00  -0.42
 -0.18   0.03
 -0.32  -0.43
  0.38  -0.43
 -0.48   0.21
 -0.43   0.39
  0.05  -0.73
  0.02  -0.14
  0.66  -0.51
  0.16  -0.22
 -0.29  -0.90
 -0.21  -0.26
 -0.44  -0.30
 -0.51   0.07
  0.18  -0.43
  0.17  -0.10
  0.04  -0.71
 -0.05  -0.53
 -0.24  -0.31
 -0.01  -0.03
  0.17  -0.70
 -0.40  -1.05
 -0.01  -0.48
  0.16  -0.69
 -0.60   0.10
 -0.21  -0.63
 -0.38  -0.17
 -0.35  -0.30
 -0.01  -0.89
 -0.28   0.28
 -0.03  -0.36
 -0.14  -0.03
 -0.08  -0.02
 -0.11  -0.35
 -0.30  -0.38
 -0.14  -0.12
 -0.06  -0.38
 -0.10  -0.45
  0.33  -0.80
 -0.07  -0.58
 -0.29  -0.52
 -0.31  -0.70
 -0.38  -0.80
  0.09  -0.85
  0.13  -0.94
 -0.08  -0.28
  0.24  -0.69
 -0.12  -0.21
  0.52  -0.02
 -0.46  -0.79
 -0.06  -0.25
  0.23  -0.89
 -0.11  -0.77
 -0.16  -0.60
 -0.81   0.02
 -0.09  -0.80
 -0.00  -0.26
 -0.06  -0.61
 -0.32  -0.08
 -0.41  -0.24
  0.07  -0.46
  0.08  -0.81
 -0.43  -0.12
 -0.17  -0.99
 -0.03  -0.36
 -0.02  -0.25
  0.13  -0.54
  0.24  -0.15
 -0.26  -0.16
 -0.20  -0.15
 -0.04  -0.17
 -0.01  -0.20
 -0.10  -0.18
 -0.24  -0.37
 -0.02  -0.59
 -0.06  -0.91
 -0.30  -0.32
 -0.63  -0.33
 -0.23   0.03
 -0.08  -1.58
  0.03  -0.27
 -0.25  -0.23
 -0.26  -0.71
 -0.33  -0.25
 -0.59  -0.09
 -0.07  -0.46
 -0.10  -0.85
  0.00  -0.54
 -0.29  -0.36
 -0.14  -0.47
 -0.33   0.17
 -0.09  -0.04
 -0.57   0.04
 -0.08  -0.34
  0.17  -0.19
 -0.10  -0.49
 -0.26  -0.05
 -0.36  -0.61
  0.02  -0.79
 -0.28  -0.72
 -0.21  -0.05
 -0.24  -0.44
  0.20  -0.48
 -0.12  -0.55
 -0.64   0.12
 -0.16  -0.59
 -0.16  -0.56
 -0.18  -0.94
 -0.59  -0.42
 -0.28  -0.91
 -0.36  -0.67
 -0.32  -0.13
 -0.39  -0.54
 -0.52  -0.14
 -0.42  -0.45
 -0.11  -0.14
 -0.38  -0.41
 -0.16  -0.61
  0.06  -0.70
 -0.51  -0.14
  0.10  -0.83
  0.15  -0.50
  0.25   0.15
  0.01  -0.55
  0.00  -0.52
 -0.21  -0.52
 -0.12   0.20
  0.23  -0.95
 -0.13  -0.54
 -0.39   0.09
 -0.05  -0.08
 -0.51  -0.42
 -0.21  -0.65
 -0.31  -0.53
 -0.53  -0.33
 -0.43   0.36
 -0.32  -0.57
 -0.28  -0.47
 -0.08  -0.64
 -0.06  -0.54
 -0.14  -0.88
 -0.29  -0.45
 -0.06  -0.92
 -0.37  -0.16
 -0.51  -0.38
 -0.15   0.36
 -0.69  -0.07
  0.10  -0.29
 -0.22  -0.33
  0.10  -1.03
 -0.18  -0.33
 -0.26  -0.57
 -0.55  -0.20
 -0.26   0.10
  0.10  -0.24
  0.21  -1.14
 -0.14   0.15
  0.05  -0.32
 -0.32  -1.10
 -0.00  -0.14
 -0.33  -0.15
 -0.27  -0.64
 -0.50  -0.68
 -0.45  -0.17
 -1.09  -0.05
 -0.71   0.07
  0.27   0.05
 -0.25  -0.10
 -0.43  -0.30
 -0.31  -0.71
 -0.22  -0.25
  0.06  -0.18
 -0.01  -0.74
 -0.45  -0.87
  0.20  -0.49
 -0.02  -0.92
  0.09  -0.69
 -0.07  -0.19
 -0.14  -0.52
  0.29  -0.57
 -0.42  -0.06
 -0.28  -0.53
 -0.13  -0.76
  0.05  -0.52
 -0.36  -0.48
  0.24  -0.09
 -0.24  -0.25
  0.21  -0.23
 -0.42   0.03
  0.19  -0.53
 -0.25  -0.07
  0.75  -0.71
  0.38  -0.86
  0.18  -0.30
 -0.85  -0.19
  0.02  -0.68
 -0.27  -0.20
 -0.20  -0.29
 -0.16  -0.06
 -0.00  -0.39
 -0.52  -0.36
 -0.05  -0.25
 -0.02  -0.68
 -0.20   0.05
 -0.05  -0.39
 -0.07   0.65
  0.24  -0.26
  0.12  -0.70
 -0.38  -0.85
 -0.28   0.09
 -0.03  -0.15
 -0.28  -0.33
 -0.30  -0.44
 -0.32  -0.60
 -0.33  -0.41
 -0.36  -0.24
 -0.55  -0.15
 -0.42  -0.79
 -0.32  -0.53
 -0.15  -0.31
 -0.24  -0.56
 -0.19  -0.18
  0.18  -0.51
  0.45  -0.50
 -0.24  -0.41
 -0.32  -0.46
 -0.02  -0.25
 -0.24  -0.16
  0.18  -0.57
 -0.33  -0.10
 -0.38   0.17
  0.16  -0.10
 -0.22  -0.39
 -0.43  -0.52
 -0.18  -0.55
 -0.06  -0.61
 -0.21   0.12
  0.14  -0.25
 -0.11  -0.15
 -0.27   0.21
 -0.09  -0.79
  0.48  -0.34
 -0.47  -0.41
 -0.35  -0.52
 -0.30  -0.35
  0.04  -0.32
  0.21  -0.96
 -0.04   0.12
 -0.06  -0.53
  0.07  -0.33
 -0.70  -0.45
  0.07  -0.99
 -0.14  -0.98
 -0.11  -0.06
  0.00  -0.70
  0.04  -0.10
  0.14  -0.36
  0.13  -0.22
 -0.49  -0.12
 -0.07  -0.30
 -0.18   0.03
 -0.16   0.22
 -0.17  -0.67
  0.02  -0.23
  0.32  -1.08
  0.12  -0.50
 -0.51  -0.11
  0.16  -0.64
  0.17  -0.25
  0.65  -0.32
 -0.09   0.05
 -0.14   0.07
  0.03  -0.72
 -0.18  -0.65
  0.15  -0.64
 -0.30   0.10
  0.04   0.24
 -0.22  -0.26
  0.02  -0.55
  0.40  -0.68
 -0.10  -0.80
  0.31  -0.37
 -0.24  -0.19
 -0.14  -0.21
  0.01  -0.60
 -0.52  -0.41
 -0.30  -0.60
  0.38  -0.41
 -0.59  -0.74
 -0.60  -0.50
  0.09  -0.87
 -0.60   0.11
 -0.16  -0.35
  0.26  -0.33
  0.35  -0.66
 -0.40  -0.82
  0.14  -0.76
 -0.47   0.05
 -0.07  -0.25
  0.09  -0.01
 -0.31  -0.70
 -0.21  -0.29
 -0.38  -0.93
  0.02  -0.92
 -0.56  -0.71
 -0.27  -0.74
 -0.11  -0.46
 -0.34  -0.42
  0.00  -0.68
 -0.06  -0.35
 -0.30  -0.38
 -0.17  -0.85
  0.14  -0.52
 -0.55   0.20
 -0.33  -0.13
  0.31  -0.79
 -0.12  -0.39
 -0.21  -0.35
  0.39  -0.85
 -0.11  -0.59
 -0.51  -0.65
 -0.03  -0.69
 -0.57  -0.23
 -0.41  -0.92
 -0.41  -0.33
 -0.33  -0.19
 -0.56  -0.57
  0.09  -0.76
 -0.08  -0.52
 -0.04  -0.93
  0.03  -1.39
  0.20  -0.29
 -0.27   0.43
  0.44  -0.64
 -0.20  -0.15
  0.17  -0.29
  0.41  -0.69
 -0.39  -0.11
 -0.06   0.31
  0.36  -0.49
  0.10  -0.91
 -0.79  -0.15
  0.01  -0.74
 -0.31  -0.33
 -0.39  -0.97
  0.18  -0.77
  0.46  -0.58
 -0.08  -0.87
  0.01  -0.06
 -0.53  -0.51
 -0.48  -0.66
 -0.29  -0.68
 -0.14  -1.05
 -0.33  -0.19
 -0.13  -0.90
 -0.33  -0.61
  0.10  -0.47
  0.06  -0.81
  0.50  -0.55
 -0.23  -0.79
  0.42  -1.22
 -0.29  -0.17
 -0.18  -0.48
  0.15  -0.37
  0.01  -0.15
 -0.13  -0.47
 -0.26   0.05
 -0.41   0.04
 -0.03  -0.58
 -0.08  -0.67
 -0.15  -0.08
 -0.08  -0.39
 -0.23  -0.74
 -0.16  -0.74
 -0.14  -0.52
 -0.13   0.03
  0.14  -0.90
 -0.53  -0.19
 -0.32  -0.54
 -0.23  -0.23
 -0.45  -0.82
 -0.17  -0.40
 -0.09  -0.22
 -0.27  -0.64
 -0.22  -0.68
  0.28  -0.14
 -0.09  -0.40
 -0.25  -0.62
 -0.02  -0.12
 -0.86  -0.36
 -0.50  -0.11
  0.11   0.05
 -0.01  -0.59
  0.09  -0.53
 -0.19  -0.69
 -0.46  -0.51
  0.07  -0.21
  0.14  -0.42
 -0.03  -0.85
 -0.04  -0.33
  0.16  -0.99
 -0.49  -0.21
 -0.04  -0.51
  0.09  -0.39
 -0.22  -0.51
  0.13  -0.54
  0.09  -0.52
 -0.06  -0.18
 -0.54  -0.07
 -0.28  -0.30
 -0.33   0.23
 -0.68  -0.70
 -0.21   0.02
 -0.82  -0.22
  0.09  -0.13
 -0.24  -0.89
 -0.46  -0.05
 -0.02  -0.26
 -0.52   0.23
 -0.10  -0.02
  0.24  -0.12
 -0.30  -0.48
 -0.30  -0.46
  0.00  -0.73
 -0.33  -0.49
 -0.47  -0.15
 -0.08  -0.87
 -0.28  -0.76
 -0.16  -0.53
  0.15  -0.58
 -0.08  -0.59
 -0.63  -0.36
  0.36  -0.99
  0.06  -0.28
 -0.41  -0.07
 -0.04   0.22
 -0.20  -0.49
 -0.48  -0.38
  0.01  -0.38
 -0.32  -0.61
  0.32  -0.52
 -0.21  -0.64
 -0.07  -0.63
  0.18  -0.58
  0.03  -0.60
 -0.09  -0.78
  0.11  -0.62
 -0.13  -0.42
  0.14  -0.24
 -0.08  -0.77
 -0.36  -0.34
 -0.24   0.06
 -0.26   0.03
 -0.64  -0.19
  0.27  -0.50
 -0.22  -0.04
 -0.12  -0.78
 -0.09  -0.22
 -0.06  -0.80
 -0.12  -0.50
 -0.27  -0.74
 -0.27  -1.16
 -0.05  -0.42
 -0.24  -0.12
  0.17   0.00
  0.13  -0.05
 -0.22  -0.49
 -0.24  -0.26
 -0.16  -0.61
 -0.03  -0.48
 -0.18  -0.34
 -0.18  -0.83
 -0.18  -0.49
 -0.33  -0.46
 -0.20  -0.51
 -0.26  -0.40
 -0.11  -0.48
  0.14  -0.53
 -0.33   0.32
 -0.26  -0.19
  0.11  -0.13
 -0.99  -0.54
 -0.62  -0.11
 -0.11  -0.46
  0.20  -0.07
 -0.29  -0.44
 -0.33  -0.28
 -0.38  -1.05
 -0.43   0.18
  0.01  -0.70
 -0.09  -0.69
 -0.40  -0.18
 -0.40  -0.12
 -0.00  -0.67
 -0.15  -0.62
  0.06  -0.37
 -0.16  -0.53
 -0.14  -0.10
  0.46  -0.37
  0.05  -0.03
 -0.18  -0.08
 -0.26  -0.28
 -0.05   0.13
 -0.52  -1.03
 -0.01  -0.61
 -0.22  -0.29
  0.45  -0.94
 -0.08  -0.24
 -0.07   0.16
 -0.38  -1.00
  0.08  -0.31
 -0.16  -0.18
 -0.03  -0.37
 -0.18  -0.02
 -0.39  -0.80
 -0.17  -0.56
 -0.01  -0.60
 -0.07  -0.33
  0.11  -0.87
 -0.66  -0.37
 -0.69  -0.65
 -0.41  -0.14
 -0.33  -0.63
 -0.06  -0.19
  0.38  -1.00
  0.20  -0.25
 -0.06  -0.93
 -0.21  -0.15
 -0.27  -0.34
  0.04  -0.69
 -0.09  -0.22
 -0.01  -0.28
 -0.38  -0.46
 -0.50  -0.25
 -0.28  -0.89
  0.29  -0.35
 -0.19  -0.50
  0.49  -0.24
 -0.09  -0.92
 -0.58   0.01
 -0.14  -0.03
 -0.66  -0.63
 -0.17  -0.61
 -0.49   0.09
  0.02  -0.33
 -0.13  -0.22
  0.09  -0.71
 -0.19  -0.30
 -0.14   0.20
 -0.07  -0.80
  0.27  -0.35
  0.11  -0.06
 -0.27  -0.42
  0.27  -0.59
  0.19  -0.56
 -0.03  -0.90
 -0.49  -0.84
 -0.30  -0.67
 -0.54  -0.60
 -0.44   0.03
 -0.11  -0.18
 -0.00   0.01
 -0.21  -0.47
  0.20  -0.58
 -0.18  -0.52
 -0.09  -1.18
  0.19  -0.81
 -0.65   0.16
 -0.32  -0.52
  0.01  -0.15
 -0.21  -0.26
 -0.43  -0.09
 -0.19  -1.11
  0.02   0.16
  0.05  -0.34
 -0.15  -0.02
 -0.35  -0.45
 -0.79  -0.67
 -0.29  -0.36
 -0.21  -0.25
 -0.17  -0.27
 -0.31  -0.17
 -0.43  -0.66
 -0.00  -0.49
 -0.33  -0.27
 -0.62  -0.44
  0.28  -0.88
 -0.09  -0.73
  0.07  -0.45
  0.17  -0.64
 -0.50  -1.17
 -0.28  -0.02
  0.11  -1.23
 -0.49  -0.04
 -0.31  -0.44
  0.04  -0.56
  0.15  -0.76
 -0.46  -0.43
 -0.20  -0.67
 -0.22  -0.21
 -0.08  -0.85
 -0.39  -0.97
 -0.53  -0.77
  0.01  -0.66
  0.08  -0.44
 -0.46  -0.51
 -0.01  -0.49
 -0.27  -0.60
 -0.53  -0.11
 -0.18  -0.71
  0.22  -0.31
  0.17  -0.28
  0.32  -0.23
 -0.13  -0.31
 -0.32  -0.30
 -0.18  -0.17
 -0.44  -0.59
 -0.53   0.07
 -0.38  -0.32
 -0.26  -0.65
  0.15   0.12
 -0.66  -0.79
 -0.60  -0.66
  0.33  -0.26
 -0.42  -0.31
 -0.27  -0.41
  0.11  -1.07
 -0.17  -0.56
 -0.12  -0.60
 -0.37   0.07
 -0.43  -0.07
  0.15  -0.64
 -0.15  -0.77
 -0.46  -0.42
  0.11  -0.34
  0.60  -0.95
  0.11  -0.88
  0.07   0.08
 -0.64  -0.74
  0.03  -0.17
 -0.32   0.05
 -0.29  -0.12
 -0.14  -0.36
  0.16  -0.54
 -0.59   0.79
  0.09  -0.45
  0.25  -0.39
  0.04  -0.20
 -1.10  -0.15
 -0.31  -0.65
  0.07   0.07
  0.11  -0.48
 -0.37  -0.59
  0.18  -0.14
 -0.23  -0.36
 -0.14  -0.18
 -0.13  -0.63
 -0.56  -0.62
  0.21  -0.28
 -0.00  -0.21
  0.08  -0.02
  0.02  -0.21
  0.26  -0.46
 -0.01  -0.05
 -0.08  -0.97
 -0.40  -0.61
  0.14  -0.83
 -0.33  -0.47
 -0.22  -0.48
 -0.55  -0.40
  0.18  -0.94
  0.30  -0.29
 -0.33  -0.25
  0.32  -0.60
 -0.33  -0.27
  0.52  -0.83
 -0.02  -0.70
 -0.27  -0.85
 -0.15  -0.18
  0.10  -0.37
 -0.05  -0.61
 -0.34  -0.46
 -0.68  -0.07
 -0.49  -0.00
  0.56  -0.53
 -0.51  -0.31
  0.18  -0.68
 -0.18  -0.46
  0.09  -0.58
  0.06  -0.52
  0.20  -0.43
  0.08  -0.25
  0.23  -1.06
 -0.28   0.24
 -0.21  -0.40
 -0.48  -0.66
  0.10  -0.76
 -0.23  -0.84
 -0.51  -0.10
  0.44  -0.97
  0.24  -0.58
 -0.36  -0.60
 -0.39  -0.00
 -0.50  -0.36
  0.44  -0.18
 -0.42  -0.54
 -0.34  -0.66
 -0.40  -0.80
  0.73  -1.14
 -0.42  -0.59
  0.57  -0.56
 -0.18  -0.06
 -0.30  -0.45
 -0.08  -0.56
 -0.45  -0.51
  0.16  -0.29
  0.10  -0.29
  0.25  -0.86
 -0.48  -0.06
  0.13  -0.34
 -0.42  -0.30
 -0.39  -0.57
 -0.24  -0.63
 -0.03   0.26
 -0.82  -0.30
  0.36  -0.40
 -0.37   0.00
  0.39  -0.73
 -0.22  -0.40
  0.47  -0.12
  0.20  -0.86
 -0.07  -0.37
  0.08  -0.42
 -0.06  -0.08
  0.04  -0.31
  0.08  -0.84
 -0.16  -0.21
 -0.73  -0.28
 -0.15  -0.60
  0.05  -1.03
  0.00  -0.17
 -0.49  -0.59
 -0.09  -0.15
 -0.30  -0.58
  0.27  -0.38
 -0.30  -0.19
  0.21  -0.57
  0.54  -0.49
 -0.32  -0.20
  0.15  -0.58
 -0.14  -0.25
  0.07  -0.48
  0.21  -0.23
  0.07  -0.52
  0.03  -0.59
 -0.06  -0.17
 -0.42   0.08
 -0.08   0.19
 -0.12  -0.00
  0.02  -0.48
  0.10  -0.64
 -0.51  -0.91
  0.14  -0.61
 -0.40   0.59
  0.23  -0.01
 -0.23  -1.13
 -0.48  -1.23
  0.19  -0.01
 -0.04  -0.74
 -0.65  -0.31
  0.26   0.11
 -0.38  -0.00
 -0.03  -0.97
  0.13  -0.35
 -0.34  -0.51
 -0.47  -0.11
  0.09  -0.53
 -0.57   0.17
 -0.49  -0.42
 -0.24  -0.30
  0.04  -1.17
 -0.24  -0.09
  0.16  -0.64
 -0.08  -0.87
 -0.48  -0.58
 -0.19   0.29
 -0.13  -0.30
 -0.49  -0.76
 -0.41  -0.29
 -0.17   0.18
  0.05  -0.25
 -0.75  -0.67
 -0.22  -0.44
 -0.38  -0.60
 -0.16   0.03
 -0.30  -0.34
 -0.17  -0.11
  0.03  -0.28
  0.08  -0.15
 -0.44  -0.42
 -0.03  -0.62
 -0.71  -0.49
 -0.14  -0.49
  0.34  -0.07
  0.19  -1.01
 -0.22   0.03
  0.05  -0.42
  0.43  -0.30
 -0.47  -0.41
 -0.37  -0.30
  0.31  -0.51
  0.11   0.23
 -0.12   0.10
 -0.36  -0.34
  0.07  -0.79
  0.48  -0.42
 -0.23  -0.32
 -0.06  -0.58
 -0.33  -0.03
  0.25  -0.64
  0.14  -0.64
 -0.28   0.02
 -0.22   0.40
 -0.15  -0.18
 -0.38  -0.57
  0.13  -0.61
  0.05  -1.32
 -0.61   0.06
 -0.08  -0.27
 -0.44  -0.19
 -0.23   0.31
 -0.31  -0.29
 -0.15  -0.21
 -0.29  -0.54
 -0.60  -0.37
 -0.28  -0.85
 -0.36  -0.20
 -0.43  -0.40
 -0.10  -0.08
 -0.14  -0.29
  0.11  -0.40
 -0.58  -0.05
 -0.08  -0.37
 -0.35  -0.65
 -0.13  -0.85
 -0.20  -0.07
 -0.20  -0.34
 -0.11  -0.47
  0.15  -0.11
 -0.23  -0.31
 -0.31  -0.24
 -0.39  -0.47
  0.12   0.10
 -0.14  -0.27
 -0.35  -0.53
 -0.39  -0.16
 -0.01  -0.20
  0.07  -0.53
  0.25  -0.18
 -0.30   0.11
 -0.04  -0.56
 -0.32  -0.16
 -0.24   0.06
  0.05  -0.44
 -0.79  -0.07
  0.19  -0.57
  0.22  -0.46
 -0.58  -0.42
 -0.23  -0.59
 -0.46  -0.08
  0.16  -0.34
 -0.65  -0.47
  0.18  -0.42
  0.02  -0.22
 -0.45  -0.90
 -0.48  -0.04
 -0.25  -0.36
 -0.17  -0.63
  0.37  -0.14
  0.13  -0.59
 -0.01  -0.29
 -0.34  -0.48
 -0.05  -0.50
 -0.09  -0.53
  0.38  -0.66
 -0.43  -0.48
 -0.31  -0.12
 -0.27  -0.68
 -0.42  -0.16
  0.05  -0.39
  0.10  -0.27
 -0.02  -0.10
 -0.43  -0.24
 -0.39  -0.09
 -0.43  -0.48
 -0.23  -0.12
 -0.18  -0.85
  0.11   0.19
  0.03  -0.79
 -0.20  -0.06
 -0.43  -0.36
  0.08  -0.37
  0.57  -1.02
 -0.35  -0.45
 -0.03  -0.33
 -0.73  -0.47
 -0.90  -0.25
  0.24  -0.33
 -0.38  -0.59
 -0.04  -0.16
 -0.09  -0.33
  0.11  -0.64
 -0.69  -0.15
 -0.36  -0.71
 -0.13  -0.18
 -0.06  -0.30
  0.17  -0.98
 -0.37  -0.71
  0.05  -0.61
  0.26  -0.91
 -0.54  -0.48
 -0.02   0.31
  0.17  -0.14
 -0.05  -0.47
 -0.53   0.25
 -0.05  -0.52
  0.00  -0.83
 -0.14   0.05
 -0.03  -0.79
 -0.10   0.07
  0.19  -0.36
  0.11  -0.20
 -0.17  -0.76
  0.09  -0.34
 -0.06  -0.34
 -0.35  -0.58
 -0.09  -0.40
 -0.40  -0.22
 -0.10   0.09
 -0.18  -0.28
  0.20  -0.43
 -0.95  -0.14
 -0.18  -0.36
 -0.19   0.22
 -0.40  -0.70
 -0.44  -0.55
 -0.41  -0.12
 -0.33  -0.68
 -0.49  -0.22
  0.06  -0.77
  0.34  -0.60
 -0.19  -0.35
 -0.04  -0.79
 -0.11  -0.91
 -0.24  -0.03
 -0.03  -0.09
 -0.27  -0.23
 -0.10   0.47
  0.26  -0.49
 -0.02  -0.54
 -0.79  -0.74
  0.13  -0.24
  0.10  -0.77
 -0.49  -0.32
 -0.15  -0.47
  0.11  -0.41
 -0.27  -0.25
 -0.42  -0.59
  0.05  -0.21
 -0.35  -0.28
  0.36  -0.32
 -0.11  -0.06
 -0.50  -0.15
 -0.06  -1.00
 -0.34  -0.62
 -0.43  -0.18
 -0.17  -0.72
  0.21  -0.66
 -0.29  -0.23
  0.25   0.15
 -0.73  -0.37
 -0.04  -0.13
 -0.66  -0.12
 -0.33  -0.44
 -0.45  -0.16
 -0.00  -0.23
 -0.44  -0.64
 -0.28  -0.29
  0.00  -0.18
 -0.08  -0.60
 -0.38   0.02
 -0.17  -0.51
  0.37  -0.71
 -0.21  -0.95
 -0.49  -0.08
 -0.25   0.34
 -0.11  -0.14
  0.14  -0.59
  0.11  -0.62
 -0.29  -0.34
 -0.26   0.10
  0.14  -0.10
  0.32  -0.53
 -0.69  -0.34
 -0.57   0.18
 -0.09  -0.55
  0.05  -0.85
 -0.05  -0.35
 -0.29  -0.42
 -0.65   0.21
 -0.53   0.11
 -0.24  -0.13
 -0.44  -0.33
 -0.36  -0.61
 -0.39  -0.85
  0.33  -0.69
 -0.20   0.10
 -0.32  -0.58
 -0.48   0.44
 -0.21  -0.40
  0.14  -0.19
  0.10  -0.19
 -0.62  -0.03
 -0.61  -0.05
  0.02  -0.33
  0.03  -0.50
 -0.01  -0.32
  0.19  -0.37
 -0.22   0.06
  0.07  -0.30
  0.00  -0.61
 -0.38  -0.85
 -0.41   0.12
 -0.41  -0.44
 -0.28  -0.46
 -0.42  -0.56
 -0.12  -0.29
 -0.41  -0.73
  0.05  -0.52
 -0.25  -0.41
 -0.06  -0.56
 -0.02  -0.66
  0.20  -0.68
 -0.39  -0.36
  0.06  -0.40
 -0.16  -0.51
 -0.38  -0.04
 -0.24  -0.25
 -0.35  -0.12
 -0.26  -0.92
 -0.49  -0.26
  0.02  -0.52
 -0.34   0.01
 -0.03  -1.15
 -0.21  -0.57
 -1.26   0.17
 -0.28  -0.31
 -0.46  -0.47
 -0.00  -0.21
 -0.22  -0.47
 -0.05  -0.56
  0.03  -0.19
 -0.42  -0.69
  0.49  -0.64
  0.08  -0.72
 -0.34  -0.47
 -0.66  -0.71
 -0.15  -0.29
 -0.19  -0.01
 -0.58  -0.46
 -0.42  -0.62
  0.43  -0.02
  0.29  -0.47
 -0.33  -0.69
 -0.17  -0.51
 -0.18   0.09
 -0.37  -0.52
 -0.16  -0.36
 -0.33  -0.34
 -0.45  -0.50
 -0.48   0.34
 -0.49   0.08
  0.09  -0.10
 -0.20  -0.73
 -0.04  -0.38
 -0.05  -0.62
 -0.16  -0.08
 -0.21   0.08
 -0.13  -0.04
 -0.03  -0.26
 -0.70  -0.00
 -0.23  -0.60
 -0.10  -0.54
 -0.14  -0.08
  0.02  -0.83
 -0.45  -0.40
 -0.15  -0.67
 -0.13  -0.52
  0.02  -0.66
 -0.74  -0.18
  0.52  -0.56
 -0.36  -0.42
  0.31  -0.92
  0.10   0.09
 -0.35  -0.55
 -0.23  -0.83
 -0.22   0.13
  0.20  -0.48
 -0.26  -0.23
 -0.42  -0.57
 -0.10  -0.44
 -0.16  -0.39
  0.36  -0.52
  0.16  -0.73
  0.13  -0.76
  0.09  -0.19
  0.22  -0.55
 -0.03  -0.49
 -0.47  -0.41
  0.36  -1.25
 -0.82  -0.25
 -0.32  -0.39
 -0.07  -0.52
 -0.19  -0.26
 -0.03  -0.70
 -0.39  -0.39
 -0.22  -0.70
 -0.03  -0.27
 -0.20  -0.46
  0.00  -0.16
 -0.48  -0.10
 -0.14  -0.41
 -0.17   0.22
  0.03  -0.33
 -0.20  -0.21
 -0.34  -0.84
 -0.25  -0.17
  0.18  -0.49
 -0.33  -0.38
  0.48  -0.40
  0.58  -0.37
 -0.02  -0.58
 -0.37   0.06
 -0.43  -0.11
  0.12   0.28
 -0.14  -0.88
 -0.27  -0.78
  0.31   0.14
 -0.07  -0.59
  0.02  -0.24
 -0.38  -0.29
  0.15  -0.46
 -0.12  -0.19
 -0.43  -0.52
  0.04  -1.13
 -0.02  -0.68
  0.08  -0.28
 -0.11  -0.66
 -0.21  -0.33
  0.14  -0.90
  0.01  -0.43
  0.00  -0.18
  0.31  -1.21
 -0.01  -0.57
 -0.19  -0.60
 -0.03   0.02
 -0.52  -0.45
 -0.08  -0.32
 -0.20   0.11
 -0.70  -0.07
  0.25  -0.86
 -0.48  -0.72
  0.21  -0.78
 -0.36  -0.16
 -0.12  -0.20
 -0.06  -0.68
  0.09   0.07
 -0.24   0.26
 -0.26  -0.24
 -0.01  -0.48
 -0.27  -0.63
  0.06  -0.94
  0.19  -0.15
  0.04  -0.51
 -0.46  -0.78
 -0.02  -0.41
 -0.39  -0.48
  0.01  -0.35
 -0.28  -0.39
 -0.24  -0.41
  0.01  -0.12
 -0.21  -0.42
 -0.50   0.28
  0.23  -0.79
  0.05  -0.51
  0.09  -0.56
 -0.40  -0.08
 -0.79  -0.15
 -0.63   0.02
  0.41  -0.71
 -0.38  -0.40
 -0.86   0.06
 -0.09  -0.31
  0.23  -0.68
 -0.27  -0.21
  0.17  -1.14
 -0.52  -0.52
 -0.23  -0.36
  0.04  -0.63
 -0.59  -0.31
  0.25  -0.71
 -0.18  -0.26
 -0.39  -0.51
 -0.40  -0.65
 -0.24  -0.47
  0.09  -0.39
 -0.51  -0.59
 -0.10  -0.07
 -0.18  -0.21
 -0.43  -0.39
 -0.08  -0.22
 -0.29   0.04
 -0.07  -0.13
 -0.37  -0.34
 -0.24   0.45
 -0.20  -0.35
 -0.32  -0.48
 -0.47  -0.42
 -0.25   0.03
 -0.73  -0.39
 -0.60  -0.30
 -0.12  -0.83
 -0.36  -0.01
 -0.38  -0.51
  0.05  -0.08
  0.13  -0.73
 -0.39  -0.47
 -0.29  -0.34
 -0.03  -0.48
 -0.26  -0.38
 -0.26  -0.20
  0.08  -0.09
  0.04   0.06
 -0.02  -0.38
 -0.18  -0.41
 -0.60  -0.21
 -0.35  -0.25
 -0.30  -0.59
 -0.12  -0.05
  0.15   0.53
  0.30  -0.67
 -0.51  -0.79
 -0.43  -0.42
 -0.44  -0.32
 -0.30  -0.18
 -0.19  -0.50
  0.18  -0.09
 -0.68  -0.18
  2.26  -0.61
  1.53  -0.76
  2.14  -1.01
  2.67  -0.52
  2.10  -0.77
  2.24  -0.66
  2.33  -0.80
  2.21  -0.64
  2.06  -1.04
  2.20  -0.88
  2.41  -0.79
  2.59  -0.75
  2.56  -1.11
  1.60  -1.12
  2.20  -0.97
  1.77  -0.72
  1.96  -0.71
  1.81  -0.35
  2.58  -0.99
  2.95  -0.52
  2.00  -0.67
  1.57  -1.15
  2.44  -0.73
  1.57  -0.68
  2.59  -0.61
  2.21  -0.87
  2.34  -0.95
  2.31  -0.70
  2.33  -0.82
  1.81  -0.89
  2.04  -0.70
  2.10  -0.97
  1.70  -0.70
  2.27  -0.89
  2.65  -0.44
  2.00  -0.66
  2.53  -0.54
  2.49  -0.41
  1.93  -0.90
  2.53  -0.63
  2.54  -0.84
  2.28  -1.00
  2.39  -0.94
  2.37  -0.58
  2.22  -0.98
  2.22  -1.02
  1.76  -0.92
  2.67  -0.47
  2.49  -0.66
  2.11  -0.50
  2.22  -0.84
  2.05  -0.61
  2.65  -0.60
  1.95  -0.55
  2.63  -0.54
  2.17  -0.58
  2.82  -0.63
  2.09  -0.62
  2.13  -0.71
  1.89  -1.16
  2.30  -0.58
  2.07  -0.59
  2.40  -0.93
  2.62  -0.67
  1.94  -0.60
  2.87  -1.11
  2.29  -0.81
  1.83  -1.28
  2.24  -0.57
  2.47  -0.52
  2.42  -0.81
  2.36  -0.57
  2.51  -0.75
  1.80  -0.78
  2.28  -1.06
  2.15  -0.60
  1.74  -0.54
  1.55  -0.63
  2.62  -0.51
  1.99  -0.97
  1.88  -1.06
  2.00  -0.81
  2.36  -0.51
  1.79  -0.80
  2.11  -0.74
  2.03  -0.79
  2.04  -1.04
  2.45  -0.69
  2.11  -0.84
  2.36  -0.42
  2.52  -0.32
  2.00  -0.66
  2.22  -0.78
  1.64  -1.07
  2.42  -0.92
  2.23  -0.81
  2.12  -1.18
  2.08  -0.63
  1.79  -0.87
  2.04  -0.35
  2.57  -0.69
  2.60  -0.88
  2.31  -0.61
  2.48  -0.96
  2.19  -0.62
  2.48  -0.73
  1.69  -0.49
  2.76  -0.85
  2.12  -0.45
  2.65  -0.79
  2.20  -0.89
  2.42  -0.51
  2.00  -0.81
  2.50  -1.05
  1.83  -1.02
  2.30  -0.45
  1.67  -0.68
  1.86  -0.35
  1.76  -0.75
  2.58  -0.80
  2.92  -0.67
  1.83  -0.74
  3.14  -0.66
  2.45  -0.82
  2.12  -0.99
  2.75  -0.45
  1.82  -0.86
  2.00  -0.92
  1.86  -0.77
  3.32  -0.65
  2.38  -0.37
  1.81  -0.90
  1.97  -0.41
  2.28  -0.61
  2.67  -0.45
  1.87  -0.64
  1.80  -0.94
  2.08  -0.61
  1.89  -0.68
  2.54  -0.62
  2.37  -0.82
  2.28  -0.69
  1.95  -0.78
  2.47  -0.32
  2.09  -1.11
  1.81  -0.71
  2.57  -0.69
  1.92  -0.83
  1.95  -0.95
  2.23  -1.21
  2.27  -0.90
  1.93  -0.96
  2.27  -0.30
  1.92  -0.97
  2.07  -0.51
  2.04  -1.23
  2.48  -0.83
  2.52  -0.83
  2.40  -1.21
  2.10  -0.48
  2.21  -0.74
  1.34  -0.54
  2.00  -0.98
  2.88  -0.87
  2.40  -0.34
  1.87  -0.56
  2.49  -1.05
  1.73  -0.79
  1.69  -1.02
  2.32  -0.71
  2.11  -0.91
  2.23  -0.54
  2.36  -0.91
  2.61  -0.90
  2.17  -0.61
  2.22  -0.47
  2.27  -1.13
  2.73  -0.72
  2.48  -0.76
  2.01  -0.60
  1.82  -0.74
  1.81  -0.53
  2.22  -0.40
  1.96  -0.62
  2.62  -0.81
  1.68  -0.42
  1.93  -0.82
  2.24  -0.75
  1.94  -0.48
  1.83  -0.94
  2.48  -0.62
  2.14  -0.79
  2.34  -1.16
  2.05  -0.56
  2.52  -0.66
  2.44  -0.98
  2.30  -0.59
  2.44  -1.01
  2.12  -0.83
  1.75  -0.65
  1.88  -0.57
  2.59  -0.75
  2.51  -0.73
  2.71  -0.61
  2.48  -0.72
  2.17  -0.80
  2.32  -0.67
  2.62  -0.79
  2.17  -0.65
  2.34  -0.52
  2.24  -1.20
  2.46  -0.79
  1.68  -0.84
  2.20  -0.66
  1.71  -0.75
  2.28  -0.91
  2.26  -0.61
  2.49  -0.64
  2.18  -0.73
  2.77  -0.80
  2.54  -0.71
  2.96  -0.73
  1.90  -0.81
  2.21  -0.35
  2.22  -1.37
  2.33  -0.80
  1.64  -0.85
  1.72  -0.89
  2.45  -0.68
  1.84  -0.86
  2.02  -0.73
  2.38  -0.79
  1.74  -0.42
  1.98  -1.07
  1.70  -1.06
  2.15  -0.72
  2.11  -0.67
  2.00  -0.78
  2.18  -0.52
  1.94  -0.60
  2.90  -0.63
  2.13  -0.83
  1.86  -0.70
  2.25  -1.01
  2.42  -1.00
  2.41  -0.66
  2.18  -0.53
  2.85  -0.62
  2.62  -0.86
  2.02  -0.77
  2.16  -0.80
  2.70  -0.73
  2.09  -0.97
  2.02  -0.55
  2.63  -0.53
  2.79  -0.80
  2.01  -0.89
  1.89  -0.73
  1.63  -0.91
  2.27  -0.54
  2.23  -0.52
  1.66  -0.44
  2.06  -0.60
  2.12  -0.83
  2.23  -0.55
  2.88  -0.75
  2.85  -0.84
  2.47  -0.72
  2.29  -0.73
  2.19  -0.69
  2.17  -0.87
  2.07  -0.86
  1.82  -0.93
  2.59  -0.67
  2.24  -0.48
  2.56  -0.65
  2.30  -0.88
  2.40  -0.65
  1.87  -0.90
  1.80  -0.75
  2.28  -0.74
  2.40  -0.94
  2.22  -0.70
  1.85  -1.00
  2.27  -1.01
  1.91  -0.88
  2.28  -1.08
  1.69  -0.73
  1.52  -0.85
  1.95  -0.95
  2.10  -0.88
  2.53  -0.59
  2.67  -0.60
  2.76  -0.74
  2.13  -0.73
  2.44  -0.79
  1.71  -0.91
  1.97  -0.52
  2.60  -0.68
  1.33  -0.69
  2.26  -1.01
  1.91  -1.06
  1.85  -0.69
  2.14  -0.51
  2.76  -0.29
  2.70  -0.57
  2.25  -0.74
  2.40  -0.44
  2.39  -0.60
  1.92  -0.63
  2.52  -0.45
  2.14  -0.95
  2.00  -0.68
  2.52  -0.94
  2.47  -0.68
  2.55  -0.68
  1.76  -0.77
  2.35  -0.98
  2.28  -0.39
  2.55  -0.57
  1.74  -0.81
  2.31  -0.44
  2.92  -0.58
  1.98  -1.35
  2.16  -0.81
  1.97  -0.63
  1.19  -0.75
  1.94  -0.72
  2.70  -0.62
  2.19  -0.61
  1.75  -0.49
  2.73  -0.70
  1.95  -0.88
  2.81  -0.51
  1.66  -0.50
  2.70  -0.74
  2.09  -0.99
  2.36  -0.91
  2.35  -0.59
  2.08  -0.62
  2.85  -0.35
  1.96  -0.76
  2.09  -0.76
  2.47  -0.73
  2.25  -1.12
  2.28  -1.04
  1.99  -1.01
  2.16  -0.62
  2.45  -0.62
  2.65  -0.61
  1.94  -0.56
  2.43  -1.06
  1.70  -0.79
  2.68  -0.87
  2.14  -0.85
  2.14  -0.67
  2.49  -0.69
  1.63  -0.53
  1.91  -0.78
  2.01  -0.46
  2.55  -0.77
  2.00  -1.11
  1.95  -0.89
  2.07  -0.61
  2.36  -0.88
  1.89  -0.74
  2.06  -0.75
  2.03  -0.69
  1.89  -0.65
  2.78  -1.27
  2.04  -0.77
  1.48  -0.52
  2.67  -0.45
  2.15  -1.01
  2.12  -0.65
  2.29  -0.80
  1.99  -1.07
  2.10  -0.93
  2.32  -0.83
  2.23  -0.71
  1.98  -0.59
  2.63  -0.62
  1.97  -0.58
  2.91  -0.78
  2.22  -0.84
  1.64  -0.87
  2.00  -0.35
  3.22  -0.57
  2.68  -0.42
  2.22  -0.63
  2.42  -0.61
  1.67  -0.95
  2.27  -0.82
  2.02  -0.66
  2.20  -0.99
  1.92  -0.76
  2.02  -0.94
  2.91  -0.70
  2.61  -0.42
  1.90  -0.43
  2.55  -0.50
  1.72  -0.85
  1.65  -1.05
  2.15  -1.24
  1.81  -0.90
  2.16  -0.42
  2.47  -0.61
  2.49  -0.67
  2.65  -0.60
  1.84  -0.87
  2.75  -0.45
  2.40  -0.81
  2.12  -0.47
  2.01  -0.55
  2.43  -0.51
  2.04  -1.03
  2.91  -0.59
  1.96  -0.91
  1.89  -0.90
  2.16  -0.79
  2.08  -0.81
  2.63  -0.85
  1.65  -0.45
  1.84  -0.63
  2.29  -0.92
  2.07  -0.57
  2.84  -0.59
  1.97  -0.74
  2.17  -1.17
  1.50  -0.64
  2.49  -0.62
  1.80  -0.41
  2.74  -0.73
  1.94  -0.78
  1.82  -0.46
  2.49  -0.68
  2.16  -0.66
  2.36  -0.81
  1.88  -0.93
  2.42  -0.33
  3.16  -0.53
  2.23  -0.85
  1.74  -0.80
  2.20  -1.18
  2.16  -0.64
  2.32  -0.96
  2.21  -1.03
  1.99  -0.55
  1.97  -0.78
  2.20  -0.86
  2.49  -0.80
  1.95  -0.56
  2.89  -0.60
  2.26  -0.78
  2.25  -0.71
  2.57  -0.78
  2.46  -0.68
  1.99  -0.96
  1.79  -0.95
  2.80  -0.25
  1.71  -1.08
  2.25  -0.90
  3.10  -0.40
  0.89  -1.13
  2.60  -0.57
  2.31  -0.68
  2.31  -0.53
  2.51  -0.62
  2.30  -0.84
  1.99  -0.77
  2.86  -0.65
  2.08  -0.79
  2.41  -0.90
  1.75  -0.63
  2.10  -0.48
  1.72  -0.80
  2.09  -0.53
  2.11  -0.60
  2.31  -1.09
  2.23  -0.85
  2.14  -0.77
  2.36  -0.70
  2.85  -0.32
  2.22  -0.49
  2.23  -0.81
  1.90  -0.64
  1.59  -0.90
  1.98  -0.98
  2.52  -0.53
  2.07  -0.82
  1.70  -0.98
  2.05  -0.50
  2.78  -0.58
  3.26  -0.45
  2.23  -0.41
  2.30  -0.02
  2.37  -0.81
  2.71  -0.86
  1.12  -0.27
  1.76  -0.80
  2.08  -0.50
  1.95  -1.20
  1.88  -0.82
  2.79  -0.67
  2.09  -0.51
  1.95  -0.86
  2.21  -0.45
  2.26  -0.68
  1.71  -0.41
  2.13  -0.58
  2.53  -0.62
  2.39  -0.90
  2.05  -0.74
  1.54  -0.77
  2.01  -0.52
  2.23  -0.76
  1.68  -0.62
  2.03  -0.73
  2.72  -0.63
  2.15  -0.89
  1.89  -0.96
  2.23  -0.74
  2.45  -0.30
  2.46  -0.81
  2.37  -0.73
  2.13  -0.45
  2.54  -0.79
  2.25  -0.50
  2.69  -0.76
  2.05  -1.09
  2.71  -0.83
  1.70  -0.71
  2.08  -0.88
  2.46  -0.96
  2.04  -0.35
  2.01  -0.67
  1.94  -0.63
  2.31  -1.01
  2.07  -0.56
  1.47  -0.65
  1.74  -1.25
  2.26  -0.85
  2.09  -0.60
  2.15  -0.84
  2.34  -0.36
  2.20  -0.68
  1.70  -0.98
  2.04  -0.62
  1.65  -0.93
  1.82  -0.74
  1.93  -0.87
  2.20  -0.58
  2.34  -0.95
  2.01  -1.01
  2.15  -0.47
  2.59  -0.92
  2.04  -0.66
  2.80  -0.80
  1.66  -0.91
  1.64  -0.94
  1.64  -0.71
  2.46  -0.73
  1.73  -0.55
  2.29  -0.43
  2.39  -0.67
  2.02  -0.86
  2.47  -0.40
  2.08  -0.66
  2.29  -0.76
  1.82  -0.90
  1.33  -0.96
  2.57  -0.43
  2.58  -1.05
  2.20  -0.65
  2.09  -0.90
  2.83  -1.05
  1.90  -0.98
  1.64  -0.65
  2.27  -0.93
  2.44  -0.83
  2.25  -0.44
  1.28  -1.01
  2.01  -0.33
  2.21  -0.88
  2.55  -1.09
  2.24  -0.63
  2.56  -1.07
  2.42  -0.56
  1.86  -1.18
  2.04  -1.16
  2.98  -0.68
  2.56  -0.87
  2.15  -0.79
  2.01  -0.81
  2.25  -0.63
  2.31  -0.65
  2.74  -0.88
  2.37  -0.41
  2.06  -0.71
  2.23  -0.69
  2.11  -0.72
  1.77  -0.52
  1.97  -0.80
  2.90  -0.21
  2.09  -0.48
  2.28  -1.00
  2.28  -0.60
  2.36  -0.37
  2.45  -0.70
  2.31  -0.33
  2.03  -0.77
  2.06  -0.79
  2.45  -0.44
  2.19  -0.56
  2.12  -0.58
  2.09  -0.42
  2.15  -0.55
  2.33  -0.94
  2.57  -0.71
  2.23  -0.60
  2.77  -0.26
  1.71  -0.44
  1.10  -0.85
  2.26  -0.69
  1.92  -1.08
  1.37  -0.66
  2.38  -0.45
  2.05  -0.92
  2.20  -1.00
  2.53  -0.76
  1.63  -1.00
  2.62  -0.98
  2.52  -0.80
  1.62  -0.56
  2.22  -0.89
  2.29  -0.46
  1.88  -0.78
  2.73  -0.88
  2.45  -0.68
  1.64  -1.15
  2.19  -0.26
  2.62  -0.42
  2.33  -0.73
  2.35  -0.81
  1.98  -0.58
  2.12  -0.24
  2.44  -0.78
  2.23  -0.84
  2.09  -0.81
  2.25  -0.36
  2.17  -0.83
  2.42  -0.78
  2.02  -0.85
  2.51  -1.03
  2.22  -0.56
  1.98  -0.38
  2.95  -0.59
  2.58  -0.69
  2.49  -0.65
  1.61  -0.74
  1.69  -1.14
  2.34  -0.94
  2.27  -0.96
  2.49  -0.71
  2.24  -0.45
  2.41  -0.60
  1.84  -0.98
  2.08  -0.84
  2.59  -0.89
  2.19  -0.60
  1.69  -0.77
  2.20  -0.90
  2.41  -0.65
  1.68  -0.88
  2.90  -0.29
  2.12  -0.70
  2.82  -0.35
  1.66  -1.10
  2.81  -0.61
  1.61  -0.68
  1.50  -0.56
  3.02  -1.03
  2.36  -0.81
  2.09  -1.42
  2.34  -0.60
  1.95  -0.77
  2.75  -0.62
  1.89  -0.93
  2.25  -0.52
  2.22  -0.48
  2.17  -0.66
  2.05  -0.77
  2.49  -0.53
  2.04  -0.86
  2.10  -0.88
  2.29  -1.13
  1.60  -0.81
  2.27  -1.03
  2.88  -0.68
  2.01  -0.51
  2.13  -1.16
  2.23  -0.75
  2.55  -0.73
  2.30  -1.07
  2.40  -0.55
  2.10  -0.74
  2.51  -0.75
  2.03  -1.04
  1.68  -1.13
  1.90  -0.97
  2.14  -0.61
  2.21  -1.17
  2.88  -0.50
  2.50  -0.96
  1.91  -0.80
  1.56  -0.96
  1.84  -0.78
  2.31  -0.53
  2.67  -0.61
  2.18  -0.73
  2.07  -1.08
  1.99  -0.95
  2.04  -0.59
  2.77  -0.32
  1.87  -0.73
  2.58  -0.50
  1.94  -0.68
  2.12  -0.74
  2.25  -0.68
  2.35  -0.83
  2.29  -0.57
  1.89  -0.58
  2.40  -0.32
  1.85  -0.99
  1.85  -0.72
  2.12  -0.55
  2.55  -0.55
  2.57  -0.72
  2.32  -0.56
  2.70  -0.69
  1.94  -0.64
  2.32  -0.87
  2.11  -0.67
  2.34  -0.59
  1.78  -0.91
  2.18  -0.87
  2.46  -0.52
  2.39  -0.48
  2.15  -0.90
  2.19  -0.54
  2.91  -0.74
  2.38  -0.25
  2.16  -0.70
  2.98  -0.08
  2.42  -0.50
  2.53  -0.58
  2.22  -0.29
  2.37  -0.60
  2.53  -0.88
  2.46  -0.53
  1.83  -0.75
  2.13  -0.69
  1.59  -0.72
  2.12  -0.93
  1.56  -0.73
  2.87  -0.54
  2.08  -0.43
  2.15  -1.07
  1.75  -0.76
  2.57  -0.99
  2.11  -0.81
  2.04  -0.73
  2.29  -0.64
  2.41  -0.71
  2.48  -0.43
  2.16  -0.59
  1.98  -0.56
  2.45  -0.86
  2.61  -0.57
  2.02  -0.85
  2.53  -0.73
  2.39  -0.70
  2.76  -0.50
  2.50  -0.83
  2.00  -0.92
  2.79  -0.86
  2.27  -0.96
  1.39  -0.86
  2.12  -0.56
  2.07  -0.47
  1.82  -0.46
  2.37  -0.78
  1.97  -1.13
  1.75  -0.85
  1.94  -0.85
  2.54  -0.77
  1.85  -0.75
  2.31  -0.64
  3.04  -0.87
  2.04  -0.54
  2.23  -1.00
  2.28  -0.80
  1.54  -0.94
  1.72  -1.07
  1.81  -0.93
  1.88  -0.99
  2.13  -0.35
  1.99  -0.71
  1.98  -0.60
  2.56  -0.45
  2.87  -1.03
  2.15  -0.55
  2.20  -0.83
  2.62  -0.66
  2.47  -0.34
  2.15  -0.70
  2.10  -0.71
  2.62  -0.51
  3.58  -0.51
  2.91  -0.62
  2.78  -0.91
  2.27  -0.87
  2.33  -0.48
  2.34  -0.56
  2.02  -0.97
  2.71  -0.74
  2.26  -0.98
  1.95  -0.83
  2.10  -0.44
  2.29  -0.85
  2.76  -0.89
  1.87  -1.13
  1.74  -1.20
  1.96  -0.77
  1.73  -0.63
  2.14  -0.56
  2.31  -0.53
  1.72  -0.64
  2.34  -0.80
  2.14  -0.59
  1.85  -1.04
  1.94  -0.89
  2.46  -1.03
  2.55  -0.74
  2.08  -0.87
  2.11  -0.90
  2.45  -1.01
  2.80  -0.55
  2.48  -0.81
  2.18  -0.96
  2.03  -0.65
  2.41  -0.47
  2.11  -0.66
  1.89  -0.78
  2.07  -1.21
  2.42  -0.83
  2.54  -0.81
  2.30  -0.52
  2.58  -0.57
  2.62  -0.97
  1.85  -0.45
  2.65  -1.11
  2.21  -0.38
  2.12  -0.78
  2.25  -0.65
  2.26  -0.45
  1.97  -0.61
  2.52  -0.83
  1.84  -1.01
  1.76  -0.85
  2.20  -0.58
  2.31  -1.19
  1.80  -0.88
  1.51  -0.81
  1.96  -0.82
  2.40  -0.89
  1.83  -0.88
  2.24  -0.86
  1.93  -1.00
  2.08  -0.66
  2.08  -0.74
  2.29  -0.79
  1.95  -0.88
  2.35  -0.48
  2.16  -0.80
  2.05  -0.81
  3.01  -0.53
  1.85  -0.68
  2.60  -0.96
  1.93  -0.82
  1.79  -0.77
  2.30  -0.73
  2.03  -0.56
  2.57  -0.85
  2.68  -0.90
  2.08  -0.43
  2.58  -0.28
  1.88  -0.88
  2.32  -0.52
  2.04  -0.96
  2.01  -0.83
  2.30  -0.52
  2.09  -0.71
  1.88  -0.63
  1.75  -0.86
  1.88  -0.80
  2.18  -0.81
  2.84  -0.24
  2.06  -0.98
  2.70  -0.78
  2.01  -0.53
  2.33  -0.93
  2.18  -0.87
  2.34  -0.62
  1.49  -1.15
  2.12  -0.18
  2.44  -0.66
  1.82  -0.69
  2.06  -0.67
  2.00  -0.76
  1.76  -0.66
  1.66  -0.63
  2.33  -0.89
  1.92  -0.34
  2.66  -1.00
  3.06  -0.86
  2.12  -0.88
  3.40  -0.83
  1.67  -1.07
  2.56  -1.01
  2.55  -0.56
  2.36  -0.86
  1.81  -0.72
  2.07  -0.83
  2.37  -0.87
  1.74  -0.54
  2.13  -0.98
  2.78  -0.70
  2.72  -0.61
  2.46  -0.43
  2.19  -0.37
  1.65  -0.54
  2.24  -0.64
  1.89  -0.65
  2.49  -0.61
  1.35  -0.97
  2.55  -0.21
  2.30  -0.69
  1.95  -0.95
  1.84  -0.92
  1.82  -1.01
  1.98  -0.78
  1.91  -0.87
  2.05  -0.83
  1.76  -0.53
  2.03  -0.81
  2.44  -0.94
  1.88  -0.55
  1.68  -0.89
  1.68  -1.13
  1.76  -0.80
  1.89  -0.45
  2.21  -0.70
  2.06  -0.66
  2.21  -0.40
  2.76  -0.50
  2.64  -0.98
  2.02  -1.00
  1.91  -0.41
  2.66  -0.88
  1.55  -0.63
  2.30  -0.88
  2.35  -0.56
  2.28  -0.94
  2.42  -0.73
  2.02  -0.70
  2.54  -0.82
  2.03  -0.63
  2.56  -0.46
  2.78  -0.35
  1.76  -0.83
  1.58  -1.10
  2.64  -0.79
  2.34  -0.52
  1.53  -0.70
  2.10  -0.71
  2.44  -0.69
  2.26  -0.86
  1.99  -0.92
  2.54  -0.53
  1.96  -0.72
  1.98  -0.74
  2.22  -0.47
  1.88  -0.58
  1.99  -0.87
  2.06  -0.70
  2.14  -1.25
  2.13  -0.56
  2.77  -0.34
  2.22  -1.01
  1.90  -0.90
  1.92  -0.82
  2.42  -0.57
  2.02  -0.98
  1.82  -0.46
  2.36  -0.39
  2.16  -0.80
  2.97  -0.80
  2.70  -0.59
  1.46  -1.11
  1.91  -0.69
  2.47  -0.75
  2.77  -0.52
  2.70  -0.88
  2.24  -0.82
  2.70  -0.81
  2.59  -0.55
  2.31  -0.55
  1.70  -0.86
  1.42  -0.51
  2.58  -0.45
  1.80  -0.71
  1.73  -0.81
  2.80  -0.79
  2.06  -1.12
  2.45  -0.41
  1.94  -0.82
  1.93  -0.79
  2.26  -0.45
  1.97  -0.85
  2.07  -1.32
  1.90  -0.53
  1.85  -0.33
  1.75  -0.82
  2.45  -0.61
  2.31  -1.19
  1.75  -0.89
  2.76  -0.77
  2.63  -0.41
  2.24  -0.17
  2.39  -0.69
  2.27  -0.75
  2.17  -0.52
  3.31  -0.65
  2.62  -0.54
  1.76  -1.05
  1.95  -0.83
  3.09  -0.68
  1.99  -0.89
  2.07  -1.21
  2.63  -0.74
  2.20  -0.53
  2.38  -0.74
  2.50  -0.65
  1.94  -0.50
  3.17  -0.75
  2.19  -0.73
  2.33  -0.77
  1.41  -0.70
  2.38  -0.72
  2.09  -0.81
  1.65  -0.85
  1.72  -0.44
  2.29  -0.81
  1.92  -0.80
  1.72  -1.13
  1.77  -0.97
  1.77  -0.82
  1.87  -0.38
  1.94  -0.93
  2.29  -0.81
  2.55  -0.43
  2.00  -0.44
  1.72  -1.19
  2.24  -1.01
  2.40  -0.29
  2.02  -0.69
  2.22  -0.64
  1.94  -0.77
  2.35  -0.91
  2.33  -0.68
  2.51  -0.80
  2.24  -0.69
  1.89  -1.25
  2.58  -0.72
  2.20  -0.86
  1.87  -0.72
  2.09  -0.73
  2.16  -0.64
  2.77  -0.92
  2.14  -0.74
  1.98  -0.54
  2.80  -0.61
  2.03  -1.02
  2.14  -0.53
  2.42  -0.85
  2.36  -0.57
  2.24  -0.60
  2.29  -1.06
  2.26  -0.80
  2.36  -0.45
  2.19  -0.83
  1.64  -0.77
  1.76  -0.52
  2.01  -0.82
  2.22  -0.87
  2.90  -1.09
  1.70  -0.98
  2.56  -0.80
  2.48  -0.81
  2.20  -0.40
  2.05  -0.64
  2.04  -0.54
  2.70  -0.83
  2.40  -0.56
  2.24  -0.63
  2.28  -0.64
  2.38  -0.58
  2.26  -0.46
  2.61  -1.00
  2.02  -0.74
  1.79  -0.51
  2.54  -0.57
  2.67  -0.66
  1.29  -0.78
  2.20  -0.40
  1.58  -0.60
  2.21  -0.88
  2.03  -0.83
  1.58  -0.85
  2.35  -0.69
  2.66  -0.55
  1.78  -0.45
  2.52  -0.78
  1.95  -0.70
  1.75  -1.01
  2.28  -0.30
  2.43  -0.66
  2.63  -0.70
  2.45  -0.67
  2.65  -0.74
  2.19  -1.10
  2.39  -0.64
  2.38  -0.53
  2.62  -0.27
  1.58  -0.85
  1.92  -0.49
  2.14  -0.69
  1.58  -1.01
  2.23  -1.02
  2.70  -0.62
  1.81  -0.79
  1.81  -0.76
  1.98  -0.85
  2.18  -0.34
  2.31  -0.99
  2.62  -0.67
  2.64  -0.71
  2.38  -1.00
  2.10  -1.19
  1.96  -1.15
  1.80  -0.62
  2.22  -0.75
  1.74  -0.61
  2.69  -0.85
  2.20  -0.68
  2.19  -0.81
  1.99  -1.04
  3.00  -0.67
  2.25  -0.80
  1.76  -0.88
  1.60  -0.96
  2.36  -0.72
  2.44  -0.43
  2.41  -0.54
  2.88  -0.61
  2.65  -0.82
  2.31  -0.46
  2.85  -0.43
  2.53  -0.88
  2.29  -0.61
  2.02  -0.85
  1.78  -1.22
  1.16  -0.80
  1.96  -0.86
  1.44  -0.51
  1.81  -0.49
  1.82  -0.70
  2.51  -0.89
  2.28  -0.68
  2.06  -0.48
  2.36  -0.41
  1.76  -1.12
  2.15  -0.64
  2.00  -0.69
  1.65  -1.10
  2.25  -1.28
  3.03  -0.46
  2.26  -0.86
  2.71  -0.76
  1.96  -0.66
  2.75  -0.79
  2.19  -0.65
  1.34  -0.98
  2.02  -0.72
  2.24  -0.59
  2.15  -0.51
  2.54  -0.55
  2.93  -0.73
  2.91  -0.72
  1.68  -0.93
  1.97  -0.75
  2.25  -0.75
  2.31  -0.93
  2.03  -0.87
  1.87  -0.67
  2.30  -0.76
  2.88  -0.37
  1.75  -0.74
  1.88  -0.83
  2.42  -0.46
  2.68  -0.67
  2.54  -0.78
  1.72  -1.09
  1.78  -0.76
  2.28  -0.55
  2.38  -0.64
  2.16  -0.78
  2.09  -0.91
  2.11  -1.00
  2.60  -0.68
  1.84  -0.98
  2.74  -0.79
  2.07  -0.81
  2.38  -0.50
  1.98  -0.58
  1.78  -0.64
  1.16  -1.19
  1.83  -0.82
  2.74  -0.80
  2.84  -0.37
  2.15  -0.47
  1.78  -0.51
  2.24  -0.59
  2.39  -0.79
  2.02  -1.23
  2.42  -0.69
  2.48  -0.83
  2.16  -0.92
  2.77  -0.99
  2.85  -0.44
  2.44  -0.43
  1.93  -0.37
  2.79  -0.80
  3.00  -0.73
  1.85  -1.01
  2.13  -0.46
  1.76  -0.64
  2.53  -0.33
  2.06  -0.67
  1.72  -0.83
  2.63  -0.48
  2.41  -0.42
  2.23  -0.37
  2.56  -0.72
  2.08  -0.53
  2.39  -0.79
  2.34  -0.99
  2.08  -1.08
  2.44  -0.99
  2.11  -0.93
  2.31  -0.53
  2.23  -0.96
  2.53  -0.72
  1.84  -0.75
  2.66  -1.12
  1.87  -1.01
  1.82  -0.76
  2.46  -0.71
  2.49  -0.78
  2.34  -0.49
  2.83  -0.36
  1.50  -0.62
  1.65  -1.14
  2.81  -0.60
  2.65  -0.69
  2.28  -0.71
  2.23  -0.58
  2.83  -0.55
  1.99  -0.98
  2.20  -0.40
  2.60  -0.26
  1.72  -0.78
  2.04  -0.89
  1.94  -0.66
  2.14  -0.69
  1.74  -0.64
  1.98  -0.54
  1.41  -1.04
  1.83  -0.82
  1.94  -0.70
  2.23  -0.11
  2.20  -0.77
  2.13  -0.88
  2.31  -0.67
  2.61  -0.80
  2.49  -0.61
  2.57  -0.43
  1.82  -0.64
  2.13  -0.62
  2.32  -0.71
  2.38  -0.43
  2.55  -0.81
  2.66  -0.82
  1.83  -1.09
  1.71  -0.75
  2.93  -0.53
  2.18  -0.93
  1.53  -0.88
  2.22  -0.69
  2.13  -0.63
  2.47  -0.79
  2.61  -0.51
  1.91  -1.11
  2.19  -0.96
  1.69  -0.58
  2.21  -1.00
  2.23  -0.66
  2.77  -0.70
  1.66  -0.87
  2.24  -0.56
  2.18  -0.62
  2.70  -0.37
  2.04  -0.84
  2.73  -0.80
  2.47  -0.70
  2.07  -0.83
  2.51  -0.90
  2.61  -0.66
  2.28  -0.72
  2.01  -0.45
  2.89  -0.78
  2.29  -0.83
  2.08  -0.62
  1.81  -0.89
  2.62  -0.83
  1.95  -1.03
  1.99  -1.02
  1.78  -0.95
  2.55  -0.85
  2.32  -0.71
  2.17  -0.87
  2.27  -0.74
  2.31  -0.52
  2.19  -0.56
  1.84  -0.94
  2.53  -0.86
  2.35  -0.70
  2.09  -0.91
  2.74  -0.72
  2.17  -0.69
  2.13  -0.70
  2.46  -0.51
  2.12  -0.59
  2.31  -0.86
  2.11  -0.63
  1.51  -0.74
  2.40  -0.77
  2.60  -0.33
  1.90  -0.87
  2.29  -0.69
  2.43  -0.66
  2.10  -0.53
  2.02  -1.05
  2.32  -0.61
  2.52  -0.77
  1.95  -0.58
  2.16  -0.83
  1.94  -1.11
  2.66  -0.30
  1.90  -0.51
  1.80  -0.72
  2.33  -1.17
  2.01  -0.98
  1.43  -0.88
  1.50  -0.71
  2.28  -0.80
  2.12  -0.81
  2.14  -0.51
  2.73  -0.81
  2.62  -0.84
  2.31  -1.06
  2.33  -0.55
  2.36  -0.68
  2.47  -0.56
  2.11  -0.70
  2.15  -0.93
  2.87  -0.63
  1.89  -1.03
  2.27  -0.76
  2.13  -1.03
  2.35  -0.54
  2.73  -0.70
  2.91  -0.39
  2.01  -0.91
  2.59  -0.58
  2.90  -0.87
  2.18  -1.08
  2.23  -1.04
  2.22  -0.45
  1.50  -0.98
  2.11  -0.44
  1.91  -0.78
  2.11  -0.67
  2.56  -0.77
  2.37  -0.89
  1.86  -1.18
  2.32  -0.68
  1.76  -0.90
  1.99  -0.68
  1.94  -0.68
  2.43  -0.48
  2.23  -0.65
  1.65  -1.08
  2.44  -0.90
  2.59  -1.13
  2.06  -0.37
  2.11  -0.27
  2.14  -0.81
  2.16  -0.87
  2.76  -0.86
  2.66  -0.78
  2.66  -0.48
  1.43  -0.96
  2.55  -0.55
  2.21  -0.47
  2.15  -0.68
  1.89  -1.14
  2.07  -0.91
  2.08  -1.16
  2.35  -0.69
  2.13  -0.79
  2.20  -0.77
  1.76  -0.92
  1.86  -1.02
  2.45  -0.65
  2.27  -0.46
  2.11  -0.92
  2.08  -0.55
  2.77  -0.58
  2.58  -0.53
  2.41  -0.54
  2.41  -0.74
  2.27  -0.52
  1.93  -0.80
  2.12  -0.66
  1.94  -0.85
  2.20  -0.94
  2.63  -0.71
  2.21  -0.54
  2.36  -0.62
  2.17  -0.83
  3.06  -0.26
  2.69  -1.30
  2.26  -1.06
  1.86  -0.85
  2.65  -0.58
  1.60  -0.71
  2.58  -0.77
  2.78  -0.70
  2.06  -0.65
  1.86  -0.85
  2.14  -1.08
  2.15  -0.70
  2.28  -0.91
  2.48  -0.69
  1.70  -0.88
  1.16  -1.25
  2.60  -0.98
  2.53  -0.48
  2.27  -0.69
  2.57  -0.70
  2.39  -0.49
  2.64  -1.07
  2.20  -0.59
  2.13  -0.92
  2.79  -0.70
  2.34  -0.62
  2.38  -0.50
  1.66  -0.66
  1.81  -0.52
  2.35  -0.74
  2.06  -0.68
  2.26  -0.66
  2.41  -0.70
  1.89  -0.94
  2.28  -0.36
  2.47  -0.83
  1.83  -0.96
  1.93  -0.69
