1.000000000000000056e-01 2.899578222747252187e-01
1.149756995397735598e-01 2.562306485530554401e-01
1.321941148466029003e-01 3.221822611799572966e-01
1.519911082952933867e-01 3.270738288607087929e-01
1.747528400007683780e-01 3.509582199526050106e-01
2.009233002565046777e-01 3.685953208296833261e-01
2.310129700083159709e-01 3.424280069093140200e-01
2.656087782946686682e-01 3.632585495936153652e-01
3.053855508833415722e-01 5.781089611838701181e-01
3.511191734215131088e-01 5.808243180112179216e-01
4.037017258596554692e-01 5.436622917654573284e-01
4.641588833612779741e-01 9.136469170513148441e-01
5.336699231206309957e-01 9.065396646648644641e-01
6.135907273413172547e-01 1.267339395081426900e+00
7.054802310718644165e-01 1.668659820326583221e+00
8.111308307896872849e-01 1.847048443085048675e+00
9.326033468832198858e-01 2.671908745909970850e+00
1.072267222010323096e+00 4.426964619506009946e+00
1.232846739442065909e+00 7.574109614259950440e+00
1.417474162926805503e+00 1.148072844434750728e+01
1.629750834620644406e+00 1.988838808242128664e+01
1.873817422860383886e+00 2.321853809613382680e+01
2.154434690031884259e+00 6.679654655379400197e+01
2.477076355991711498e+00 1.037155070650481576e+02
2.848035868435801810e+00 2.539420237559653231e+02
3.274549162877728570e+00 4.827317089872163933e+02
3.764935806792467421e+00 8.972997509377892129e+02
4.328761281083059131e+00 1.839275835451003559e+03
4.977023564332111683e+00 3.182246613522251209e+03
5.722367659350217295e+00 6.491894863904937665e+03
6.579332246575682497e+00 1.198492955764939506e+04
7.564633275546290392e+00 2.428326461945843403e+04
8.697490026177835176e+00 4.068761423079555971e+04
1.000000000000000000e+01 9.293173474207382242e+04
1.149756995397735615e+01 1.757090374000321317e+05
1.321941148466028793e+01 3.372408757821072941e+05
1.519911082952933157e+01 7.111945431191646494e+05
1.747528400007684724e+01 1.599178644041969674e+06
2.009233002565047954e+01 3.303676644087349065e+06
2.310129700083160387e+01 5.350034245563351549e+06
2.656087782946686815e+01 1.214519701782952435e+07
3.053855508833415655e+01 2.703097644081661478e+07
3.511191734215130822e+01 4.664359157462748885e+07
4.037017258596554115e+01 9.147640887375622988e+07
4.641588833612782139e+01 1.947535813297776580e+08
5.336699231206312533e+01 4.219827351641617417e+08
6.135907273413175744e+01 8.191191599117552042e+08
7.054802310718645231e+01 1.544398362921896935e+09
8.111308307896872805e+01 3.037611176160284996e+09
9.326033468832198992e+01 6.721651592746512413e+09
1.072267222010323167e+02 1.187744317711264610e+10
1.232846739442065882e+02 2.765493101393981171e+10
1.417474162926804695e+02 4.598273614694232941e+10
1.629750834620645037e+02 1.017758780765657806e+11
1.873817422860385022e+02 2.339870099465700684e+11
2.154434690031884543e+02 4.266782941324343872e+11
2.477076355991711409e+02 8.282542188016722412e+11
2.848035868435802058e+02 1.533749143480709229e+12
3.274549162877728463e+02 3.339137663018216309e+12
3.764935806792467474e+02 7.998602570001773438e+12
4.328761281083061476e+02 1.319929654237848047e+13
4.977023564332113779e+02 2.846126356591155469e+13
5.722367659350220492e+02 5.611899531731442969e+13
6.579332246575681893e+02 9.195250121787887500e+13
7.564633275546290179e+02 2.184562725882173125e+14
8.697490026177833897e+02 4.580242693673246250e+14
1.000000000000000000e+03 7.643279476180220000e+14
1.149756995397735636e+03 1.471827610717419000e+15
1.321941148466028608e+03 2.842167366567271000e+15
1.519911082952933157e+03 7.257276709946453000e+15
1.747528400007682876e+03 1.507574283547955200e+16
2.009233002565045808e+03 3.008414809199590400e+16
2.310129700083158241e+03 6.279557002617177600e+16
2.656087782946689458e+03 1.192927045288472000e+17
3.053855508833418753e+03 2.227356823202729600e+17
3.511191734215134602e+03 4.233487999919051520e+17
4.037017258596557895e+03 9.303763164362342400e+17
4.641588833612781855e+03 1.871329456420039168e+18
5.336699231206313016e+03 4.375918876609198080e+18
6.135907273413175972e+03 8.338358578339140608e+18
7.054802310718645458e+03 1.718567346408869683e+19
8.111308307896872066e+03 3.458327298571596595e+19
9.326033468832200015e+03 6.254815345419855462e+19
1.072267222010323167e+04 1.310292954355462799e+20
1.232846739442065882e+04 2.550592661477747917e+20
1.417474162926804820e+04 4.856074406199944151e+20
1.629750834620643400e+04 9.062084080060601467e+20
1.873817422860383158e+04 2.084636413329569219e+21
2.154434690031886566e+04 3.702102592581394235e+21
2.477076355991714081e+04 9.794552261398054830e+21
2.848035868435804878e+04 1.604397304562784299e+22
3.274549162877731578e+04 4.031981407328697686e+22
3.764935806792470976e+04 7.028366697750568790e+22
4.328761281083061476e+04 1.396425055951175601e+23
4.977023564332113892e+04 2.493677777576523895e+23
5.722367659350220492e+04 5.627525167115966727e+23
6.579332246575682075e+04 1.093218944545886715e+24
7.564633275546290679e+04 2.163445666136313016e+24
8.697490026177834079e+04 4.750243833210553615e+24
1.000000000000000000e+05 8.572905017603055700e+24
