0.000000000000000000e+00 3.642311864205315941e-01
1.010101010101010083e-01 3.708317149134616186e-01
2.020202020202020166e-01 4.483903216232265065e-01
3.030303030303030387e-01 4.495624811938016552e-01
4.040404040404040331e-01 4.882165158446862829e-01
5.050505050505050830e-01 6.331925432902005824e-01
6.060606060606060774e-01 6.498560367222953049e-01
7.070707070707070718e-01 8.437842407887740093e-01
8.080808080808080662e-01 8.070646160724872509e-01
9.090909090909090606e-01 1.053039173098432313e+00
1.010101010101010166e+00 1.087083938093917013e+00
1.111111111111111160e+00 9.953386240185406741e-01
1.212121212121212155e+00 1.229415516139947373e+00
1.313131313131313149e+00 1.589132762751439554e+00
1.414141414141414144e+00 1.752028804743478219e+00
1.515151515151515138e+00 1.745410721083414884e+00
1.616161616161616132e+00 2.263826415595212360e+00
1.717171717171717127e+00 2.372398352882638672e+00
1.818181818181818121e+00 2.254730537276046665e+00
1.919191919191919116e+00 2.591590843107439479e+00
2.020202020202020332e+00 2.816215976915012131e+00
2.121212121212121104e+00 2.766242610887020170e+00
2.222222222222222321e+00 3.554169463124391193e+00
2.323232323232323093e+00 3.055054473821364969e+00
2.424242424242424310e+00 3.525400735378479755e+00
2.525252525252525082e+00 3.444268569962172677e+00
2.626262626262626299e+00 4.442088517113236712e+00
2.727272727272727071e+00 4.326027893229202448e+00
2.828282828282828287e+00 5.056452413512002586e+00
2.929292929292929060e+00 4.795771599022430109e+00
3.030303030303030276e+00 5.743458008643316681e+00
3.131313131313131048e+00 5.390749536838781886e+00
3.232323232323232265e+00 6.505050309498257022e+00
3.333333333333333481e+00 6.305006475888742301e+00
3.434343434343434254e+00 7.129701934809977715e+00
3.535353535353535470e+00 6.701623055753383795e+00
3.636363636363636243e+00 7.013359548364757501e+00
3.737373737373737459e+00 9.114799416677254129e+00
3.838383838383838231e+00 8.841715005645259140e+00
3.939393939393939448e+00 8.881432483019112922e+00
4.040404040404040664e+00 1.196440696051748809e+01
4.141414141414140992e+00 1.180316720179497381e+01
4.242424242424242209e+00 9.211559966831806889e+00
4.343434343434343425e+00 1.147486869015273925e+01
4.444444444444444642e+00 1.089479963619795022e+01
4.545454545454544970e+00 1.167222210467635435e+01
4.646464646464646187e+00 1.242368729291277063e+01
4.747474747474747403e+00 1.293353713891403167e+01
4.848484848484848619e+00 1.199031922350074808e+01
4.949494949494949836e+00 1.262554057249722916e+01
5.050505050505050164e+00 1.302819133009807828e+01
5.151515151515151381e+00 1.651250000353282488e+01
5.252525252525252597e+00 1.302972461644566415e+01
5.353535353535353813e+00 1.665147561256566888e+01
5.454545454545454142e+00 1.495581170956714523e+01
5.555555555555555358e+00 1.402147815221599814e+01
5.656565656565656575e+00 1.831089330925091474e+01
5.757575757575757791e+00 1.708008004379586353e+01
5.858585858585858119e+00 2.144448596539564278e+01
5.959595959595959336e+00 1.930073491003834008e+01
6.060606060606060552e+00 1.850008375495961843e+01
6.161616161616161769e+00 2.276222413558246060e+01
6.262626262626262097e+00 1.956120703807015104e+01
6.363636363636363313e+00 1.876221968025283005e+01
6.464646464646464530e+00 2.223472384770373367e+01
6.565656565656565746e+00 2.145664680512483358e+01
6.666666666666666963e+00 2.217571516843810642e+01
6.767676767676767291e+00 2.341642356916061019e+01
6.868686868686868507e+00 2.280323972078760164e+01
6.969696969696969724e+00 2.749393207334543732e+01
7.070707070707070940e+00 2.584146551109358469e+01
7.171717171717171269e+00 3.076763452172234992e+01
7.272727272727272485e+00 2.467686652652291102e+01
7.373737373737373701e+00 2.969979301109902892e+01
7.474747474747474918e+00 3.320968419891915602e+01
7.575757575757575246e+00 3.509030040905756209e+01
7.676767676767676463e+00 3.246972347930967828e+01
7.777777777777777679e+00 3.711135760972443620e+01
7.878787878787878896e+00 3.387490531460287713e+01
7.979797979797979224e+00 2.870536518736562925e+01
8.080808080808081328e+00 3.223322226507577426e+01
8.181818181818181657e+00 4.006194835607777804e+01
8.282828282828281985e+00 3.693905538037889613e+01
8.383838383838384090e+00 3.411123359639778840e+01
8.484848484848484418e+00 3.972349607074610134e+01
8.585858585858586522e+00 3.699249002226783745e+01
8.686868686868686851e+00 3.521850446895177811e+01
8.787878787878787179e+00 4.272618352571442557e+01
8.888888888888889284e+00 4.549244572791579344e+01
8.989898989898989612e+00 4.624976578605071609e+01
9.090909090909089940e+00 4.540929282589974036e+01
9.191919191919192045e+00 4.455264400599915575e+01
9.292929292929292373e+00 4.550795932153912560e+01
9.393939393939394478e+00 4.964742483482909563e+01
9.494949494949494806e+00 5.414330558769903234e+01
9.595959595959595134e+00 4.490787202764526143e+01
9.696969696969697239e+00 4.329897611861095186e+01
9.797979797979797567e+00 5.201946814533516061e+01
9.898989898989899672e+00 4.552047216994802170e+01
1.000000000000000000e+01 5.811972904819140950e+01
