0.0 0.364231186421 0.0364231186421
0.10101010101 0.370831714913 0.0370831714913
0.20202020202 0.448390321623 0.0448390321623
0.30303030303 0.449562481194 0.0449562481194
0.40404040404 0.488216515845 0.0488216515845
0.505050505051 0.63319254329 0.063319254329
0.606060606061 0.649856036722 0.0649856036722
0.707070707071 0.843784240789 0.0843784240789
0.808080808081 0.807064616072 0.0807064616072
0.909090909091 1.0530391731 0.10530391731
1.0101010101 1.08708393809 0.108708393809
1.11111111111 0.995338624019 0.0995338624019
1.21212121212 1.22941551614 0.122941551614
1.31313131313 1.58913276275 0.158913276275
1.41414141414 1.75202880474 0.175202880474
1.51515151515 1.74541072108 0.174541072108
1.61616161616 2.2638264156 0.22638264156
1.71717171717 2.37239835288 0.237239835288
1.81818181818 2.25473053728 0.225473053728
1.91919191919 2.59159084311 0.259159084311
2.0202020202 2.81621597692 0.281621597692
2.12121212121 2.76624261089 0.276624261089
2.22222222222 3.55416946312 0.355416946312
2.32323232323 3.05505447382 0.305505447382
2.42424242424 3.52540073538 0.352540073538
2.52525252525 3.44426856996 0.344426856996
2.62626262626 4.44208851711 0.444208851711
2.72727272727 4.32602789323 0.432602789323
2.82828282828 5.05645241351 0.505645241351
2.92929292929 4.79577159902 0.479577159902
3.0303030303 5.74345800864 0.574345800864
3.13131313131 5.39074953684 0.539074953684
3.23232323232 6.5050503095 0.65050503095
3.33333333333 6.30500647589 0.630500647589
3.43434343434 7.12970193481 0.712970193481
3.53535353535 6.70162305575 0.670162305575
3.63636363636 7.01335954836 0.701335954836
3.73737373737 9.11479941668 0.911479941668
3.83838383838 8.84171500565 0.884171500565
3.93939393939 8.88143248302 0.888143248302
4.0404040404 11.9644069605 1.19644069605
4.14141414141 11.8031672018 1.18031672018
4.24242424242 9.21155996683 0.921155996683
4.34343434343 11.4748686902 1.14748686902
4.44444444444 10.8947996362 1.08947996362
4.54545454545 11.6722221047 1.16722221047
4.64646464646 12.4236872929 1.24236872929
4.74747474747 12.9335371389 1.29335371389
4.84848484848 11.9903192235 1.19903192235
4.94949494949 12.6255405725 1.26255405725
5.05050505051 13.0281913301 1.30281913301
5.15151515152 16.5125000035 1.65125000035
5.25252525253 13.0297246164 1.30297246164
5.35353535354 16.6514756126 1.66514756126
5.45454545455 14.9558117096 1.49558117096
5.55555555556 14.0214781522 1.40214781522
5.65656565657 18.3108933093 1.83108933093
5.75757575758 17.0800800438 1.70800800438
5.85858585859 21.4444859654 2.14444859654
5.9595959596 19.30073491 1.930073491
6.06060606061 18.500083755 1.8500083755
6.16161616162 22.7622241356 2.27622241356
6.26262626263 19.5612070381 1.95612070381
6.36363636364 18.7622196803 1.87622196803
6.46464646465 22.2347238477 2.22347238477
6.56565656566 21.4566468051 2.14566468051
6.66666666667 22.1757151684 2.21757151684
6.76767676768 23.4164235692 2.34164235692
6.86868686869 22.8032397208 2.28032397208
6.9696969697 27.4939320733 2.74939320733
7.07070707071 25.8414655111 2.58414655111
7.17171717172 30.7676345217 3.07676345217
7.27272727273 24.6768665265 2.46768665265
7.37373737374 29.6997930111 2.96997930111
7.47474747475 33.2096841989 3.32096841989
7.57575757576 35.0903004091 3.50903004091
7.67676767677 32.4697234793 3.24697234793
7.77777777778 37.1113576097 3.71113576097
7.87878787879 33.8749053146 3.38749053146
7.9797979798 28.7053651874 2.87053651874
8.08080808081 32.2332222651 3.22332222651
8.18181818182 40.0619483561 4.00619483561
8.28282828283 36.9390553804 3.69390553804
8.38383838384 34.1112335964 3.41112335964
8.48484848485 39.7234960707 3.97234960707
8.58585858586 36.9924900223 3.69924900223
8.68686868687 35.218504469 3.5218504469
8.78787878788 42.7261835257 4.27261835257
8.88888888889 45.4924457279 4.54924457279
8.9898989899 46.2497657861 4.62497657861
9.09090909091 45.4092928259 4.54092928259
9.19191919192 44.552644006 4.4552644006
9.29292929293 45.5079593215 4.55079593215
9.39393939394 49.6474248348 4.96474248348
9.49494949495 54.1433055877 5.41433055877
9.59595959596 44.9078720276 4.49078720276
9.69696969697 43.2989761186 4.32989761186
9.79797979798 52.0194681453 5.20194681453
9.89898989899 45.5204721699 4.55204721699
10.0 58.1197290482 5.81197290482
