0.1 0.289957822275 0.0289957822275
0.11497569954 0.256230648553 0.0256230648553
0.132194114847 0.32218226118 0.032218226118
0.151991108295 0.327073828861 0.0327073828861
0.174752840001 0.350958219953 0.0350958219953
0.200923300257 0.36859532083 0.036859532083
0.231012970008 0.342428006909 0.0342428006909
0.265608778295 0.363258549594 0.0363258549594
0.305385550883 0.578108961184 0.0578108961184
0.351119173422 0.580824318011 0.0580824318011
0.40370172586 0.543662291765 0.0543662291765
0.464158883361 0.913646917051 0.0913646917051
0.533669923121 0.906539664665 0.0906539664665
0.613590727341 1.26733939508 0.126733939508
0.705480231072 1.66865982033 0.166865982033
0.81113083079 1.84704844309 0.184704844309
0.932603346883 2.67190874591 0.267190874591
1.07226722201 4.42696461951 0.442696461951
1.23284673944 7.57410961426 0.757410961426
1.41747416293 11.4807284443 1.14807284443
1.62975083462 19.8883880824 1.98883880824
1.87381742286 23.2185380961 2.32185380961
2.15443469003 66.7965465538 6.67965465538
2.47707635599 103.715507065 10.3715507065
2.84803586844 253.942023756 25.3942023756
3.27454916288 482.731708987 48.2731708987
3.76493580679 897.299750938 89.7299750938
4.32876128108 1839.27583545 183.927583545
4.97702356433 3182.24661352 318.224661352
5.72236765935 6491.8948639 649.18948639
6.57933224658 11984.9295576 1198.49295576
7.56463327555 24283.2646195 2428.32646195
8.69749002618 40687.6142308 4068.76142308
10.0 92931.7347421 9293.17347421
11.497569954 175709.0374 17570.90374
13.2194114847 337240.875782 33724.0875782
15.1991108295 711194.543119 71119.4543119
17.4752840001 1599178.64404 159917.864404
20.0923300257 3303676.64409 330367.664409
23.1012970008 5350034.24556 535003.424556
26.5608778295 12145197.0178 1214519.70178
30.5385550883 27030976.4408 2703097.64408
35.1119173422 46643591.5746 4664359.15746
40.370172586 91476408.8738 9147640.88738
46.4158883361 194753581.33 19475358.133
53.3669923121 421982735.164 42198273.5164
61.3590727341 819119159.912 81911915.9912
70.5480231072 1544398362.92 154439836.292
81.113083079 3037611176.16 303761117.616
93.2603346883 6721651592.75 672165159.275
107.226722201 11877443177.1 1187744317.71
123.284673944 27654931013.9 2765493101.39
141.747416293 45982736146.9 4598273614.69
162.975083462 1.01775878077e+11 10177587807.7
187.381742286 2.33987009947e+11 23398700994.7
215.443469003 4.26678294132e+11 42667829413.2
247.707635599 8.28254218802e+11 82825421880.2
284.803586844 1.53374914348e+12 1.53374914348e+11
327.454916288 3.33913766302e+12 3.33913766302e+11
376.493580679 7.99860257e+12 7.99860257e+11
432.876128108 1.31992965424e+13 1.31992965424e+12
497.702356433 2.84612635659e+13 2.84612635659e+12
572.236765935 5.61189953173e+13 5.61189953173e+12
657.933224658 9.19525012179e+13 9.19525012179e+12
756.463327555 2.18456272588e+14 2.18456272588e+13
869.749002618 4.58024269367e+14 4.58024269367e+13
1000.0 7.64327947618e+14 7.64327947618e+13
1149.7569954 1.47182761072e+15 1.47182761072e+14
1321.94114847 2.84216736657e+15 2.84216736657e+14
1519.91108295 7.25727670995e+15 7.25727670995e+14
1747.52840001 1.50757428355e+16 1.50757428355e+15
2009.23300257 3.0084148092e+16 3.0084148092e+15
2310.12970008 6.27955700262e+16 6.27955700262e+15
2656.08778295 1.19292704529e+17 1.19292704529e+16
3053.85550883 2.2273568232e+17 2.2273568232e+16
3511.19173422 4.23348799992e+17 4.23348799992e+16
4037.0172586 9.30376316436e+17 9.30376316436e+16
4641.58883361 1.87132945642e+18 1.87132945642e+17
5336.69923121 4.37591887661e+18 4.37591887661e+17
6135.90727341 8.33835857834e+18 8.33835857834e+17
7054.80231072 1.71856734641e+19 1.71856734641e+18
8111.3083079 3.45832729857e+19 3.45832729857e+18
9326.03346883 6.25481534542e+19 6.25481534542e+18
10722.6722201 1.31029295436e+20 1.31029295436e+19
12328.4673944 2.55059266148e+20 2.55059266148e+19
14174.7416293 4.8560744062e+20 4.8560744062e+19
16297.5083462 9.06208408006e+20 9.06208408006e+19
18738.1742286 2.08463641333e+21 2.08463641333e+20
21544.3469003 3.70210259258e+21 3.70210259258e+20
24770.7635599 9.7945522614e+21 9.7945522614e+20
28480.3586844 1.60439730456e+22 1.60439730456e+21
32745.4916288 4.03198140733e+22 4.03198140733e+21
37649.3580679 7.02836669775e+22 7.02836669775e+21
43287.6128108 1.39642505595e+23 1.39642505595e+22
49770.2356433 2.49367777758e+23 2.49367777758e+22
57223.6765935 5.62752516712e+23 5.62752516712e+22
65793.3224658 1.09321894455e+24 1.09321894455e+23
75646.3327555 2.16344566614e+24 2.16344566614e+23
86974.9002618 4.75024383321e+24 4.75024383321e+23
100000.0 8.5729050176e+24 8.5729050176e+23
