0.5 0.849271362869 0.0849271362869
0.515151515152 0.95082775689 0.095082775689
0.530303030303 0.784054927342 0.0784054927342
0.545454545455 0.825907656818 0.0825907656818
0.560606060606 1.10233498326 0.110233498326
0.575757575758 1.18664036509 0.118664036509
0.590909090909 0.972109275008 0.0972109275008
0.606060606061 1.0751352704 0.10751352704
0.621212121212 1.1732518031 0.11732518031
0.636363636364 1.28858745176 0.128858745176
0.651515151515 1.34943373518 0.134943373518
0.666666666667 1.3973473361 0.13973473361
0.681818181818 1.31940066651 0.131940066651
0.69696969697 1.54824011354 0.154824011354
0.712121212121 1.32807974615 0.132807974615
0.727272727273 1.80658572426 0.180658572426
0.742424242424 1.50736727112 0.150736727112
0.757575757576 1.77197313918 0.177197313918
0.772727272727 1.70061444392 0.170061444392
0.787878787879 1.68693893323 0.168693893323
0.80303030303 2.03064322984 0.203064322984
0.818181818182 1.97330915187 0.197330915187
0.833333333333 2.0989086198 0.20989086198
0.848484848485 2.18959542478 0.218959542478
0.863636363636 2.19056768733 0.219056768733
0.878787878788 2.37377169155 0.237377169155
0.893939393939 2.43758526092 0.243758526092
0.909090909091 2.35023883669 0.235023883669
0.924242424242 2.68732632956 0.268732632956
0.939393939394 2.663966266 0.2663966266
0.954545454545 2.90521818834 0.290521818834
0.969696969697 2.89155847307 0.289155847307
0.984848484848 2.80205217602 0.280205217602
1.0 2.96135601765 0.296135601765
1.01515151515 3.24219570123 0.324219570123
1.0303030303 3.16230373509 0.316230373509
1.04545454545 3.23233805525 0.323233805525
1.06060606061 3.30586244979 0.330586244979
1.07575757576 3.44349934537 0.344349934537
1.09090909091 3.45868055124 0.345868055124
1.10606060606 3.67995827309 0.367995827309
1.12121212121 3.90381424385 0.390381424385
1.13636363636 4.0014148834 0.40014148834
1.15151515152 4.133699331 0.4133699331
1.16666666667 3.98751965916 0.398751965916
1.18181818182 4.38825499519 0.438825499519
1.19696969697 4.46666726211 0.446666726211
1.21212121212 4.33915185242 0.433915185242
1.22727272727 4.4373757574 0.44373757574
1.24242424242 4.76041351808 0.476041351808
1.25757575758 4.90802464648 0.490802464648
1.27272727273 4.65435274219 0.465435274219
1.28787878788 4.93031368649 0.493031368649
1.30303030303 5.08655090741 0.508655090741
1.31818181818 5.28763952245 0.528763952245
1.33333333333 5.24602985849 0.524602985849
1.34848484848 5.54033675336 0.554033675336
1.36363636364 5.6571818812 0.56571818812
1.37878787879 5.83448425073 0.583448425073
1.39393939394 5.80382950829 0.580382950829
1.40909090909 5.73416202379 0.573416202379
1.42424242424 6.14728733223 0.614728733223
1.43939393939 6.17484171661 0.617484171661
1.45454545455 6.28488026242 0.628488026242
1.4696969697 6.57584144394 0.657584144394
1.48484848485 6.53328325746 0.653328325746
1.5 6.87531213909 0.687531213909
1.51515151515 7.01459082981 0.701459082981
1.5303030303 7.03920761988 0.703920761988
1.54545454545 7.2227201807 0.72227201807
1.56060606061 7.30442366059 0.730442366059
1.57575757576 7.57049466761 0.757049466761
1.59090909091 7.54831231059 0.754831231059
1.60606060606 7.70196219722 0.770196219722
1.62121212121 7.87633686725 0.787633686725
1.63636363636 8.12081255417 0.812081255417
1.65151515152 8.1590372195 0.81590372195
1.66666666667 8.29316053378 0.829316053378
1.68181818182 8.49604060055 0.849604060055
1.69696969697 8.7850081202 0.87850081202
1.71212121212 8.80715883493 0.880715883493
1.72727272727 8.81723672864 0.881723672864
1.74242424242 8.99227815364 0.899227815364
1.75757575758 9.07709921728 0.907709921728
1.77272727273 9.3591404834 0.93591404834
1.78787878788 9.54595889349 0.954595889349
1.80303030303 9.92355652871 0.992355652871
1.81818181818 9.88103216624 0.988103216624
1.83333333333 10.2778373877 1.02778373877
1.84848484848 10.4215546872 1.04215546872
1.86363636364 10.3992041502 1.03992041502
1.87878787879 10.6122284156 1.06122284156
1.89393939394 10.6794421892 1.06794421892
1.90909090909 11.1863804428 1.11863804428
1.92424242424 11.1695637838 1.11695637838
1.93939393939 11.2878355436 1.12878355436
1.95454545455 11.6057325323 1.16057325323
1.9696969697 11.5649333696 1.15649333696
1.98484848485 11.9510819501 1.19510819501
2.0 12.1742755363 1.21742755363
